album_id,date,has_tags,id,owner_id,post_id,sizes,square_crop,text
-6,1581869908,False,457251928,402130349,183,"[{'height': 109, 'url': 'https://sun9-west.userapi.com/sun9-61/s/v1/ig1/glFIkRlhPVMM18Iy2rIkTeHu7KzNO3czbjPcSeHo9NJR9y30sQeaS-iLLBAz-pmOTLb138zm.jpg?size=130x109&quality=96&type=album', 'type': 'm', 'width': 130}, {'height': 109, 'url': 'https://sun9-west.userapi.com/sun9-61/s/v1/ig1/glFIkRlhPVMM18Iy2rIkTeHu7KzNO3czbjPcSeHo9NJR9y30sQeaS-iLLBAz-pmOTLb138zm.jpg?size=130x109&quality=96&type=album', 'type': 'o', 'width': 130}, {'height': 168, 'url': 'https://sun9-west.userapi.com/sun9-61/s/v1/ig1/wCtkHq9Ukl9AX_So9IwGUUCISfiLIoL-9T1S0_kWd9pLi4Y8H7gvaKpec0MoTJ8Hxf_p9tCC.jpg?size=200x168&quality=96&type=album', 'type': 'p', 'width': 200}, {'height': 269, 'url': 'https://sun9-west.userapi.com/sun9-61/s/v1/ig1/oEfxRYSEol-dMVqL01cEVJSX51BiUeEOSdIXtTvn8iVoqTdjbkPXKQ-8dibF4pdUHTeE3oV8.jpg?size=320x269&quality=96&type=album', 'type': 'q', 'width': 320}, {'height': 428, 'url': 'https://sun9-west.userapi.com/sun9-61/s/v1/ig1/WdOx3QMU2SOQ82nGPK7xqIoUN_liLrxTZduK-BPuUW8Iih6QFjvY1Z9scsy8u73ZQ8uExnUF.jpg?size=510x428&quality=96&type=album', 'type': 'r', 'width': 510}, {'height': 63, 'url': 'https://sun9-west.userapi.com/sun9-61/s/v1/ig1/rPFV9MhsjAJB6BC3B4LXS1qBN09RupwxZfzavjYgqukN9HnThKSyRTNdntZ80KcOmYzntelw.jpg?size=75x63&quality=96&type=album', 'type': 's', 'width': 75}, {'height': 476, 'url': 'https://sun9-west.userapi.com/sun9-61/s/v1/ig1/V5HeqcEQWNUwyTs-kpyfoSCwyb73pCVLxBquCW2MRo-VQ9GszAynmtTaKkNfx-5w6J_Bny1z.jpg?size=567x476&quality=96&type=album', 'type': 'x', 'width': 567}]","140,111,305",
-6,1617989207,False,457264164,402130349,217,"[{'height': 97, 'url': 'https://sun9-east.userapi.com/sun9-59/s/v1/ig2/Xe6GBKl-ukoJx_69mmud9AtAy_Frl6VHG8hgBsj-ZQHXFG8-oohXaITNuWknMZeg4ifWdg1zNhBYDXGuzp5-_hoc.jpg?size=130x97&quality=96&type=album', 'type': 'm', 'width': 130}, {'height': 97, 'url': 'https://sun9-east.userapi.com/sun9-59/s/v1/ig2/Xe6GBKl-ukoJx_69mmud9AtAy_Frl6VHG8hgBsj-ZQHXFG8-oohXaITNuWknMZeg4ifWdg1zNhBYDXGuzp5-_hoc.jpg?size=130x97&quality=96&type=album', 'type': 'o', 'width': 130}, {'height': 150, 'url': 'https://sun9-east.userapi.com/sun9-59/s/v1/ig2/iWw8sXyQqYwNFEPCYt4d1L3Pj3xUeYadqChKY_RCetYQFuxZ3ZH73Vi68E9EVeBpdqywHwADib5DEyfd0bp3wfgJ.jpg?size=200x150&quality=96&type=album', 'type': 'p', 'width': 200}, {'height': 240, 'url': 'https://sun9-east.userapi.com/sun9-59/s/v1/ig2/MGPfSJpqYJw4hoFyViT1H1N7BShZ0MUcmvjgUMsT-pA2OS33SdC2ydE2Xq9fAifPZ8sXPOjMJsaYIn41JSOx4dY6.jpg?size=320x240&quality=96&type=album', 'type': 'q', 'width': 320}, {'height': 382, 'url': 'https://sun9-east.userapi.com/sun9-59/s/v1/ig2/6882Z51329Y6y6B4ni50vPfdkxkEtkqr0EoWAbXytIBLnw3poiZTkdFARBAbVDtDc5-SCCLnORW4KcImlek8LIsl.jpg?size=510x382&quality=96&type=album', 'type': 'r', 'width': 510}, {'height': 56, 'url': 'https://sun9-east.userapi.com/sun9-59/s/v1/ig2/JOWazNDjnekPpEz-I5W6cjLqyt0lhde0BaT5rkNCv2ATMjrPchaeK1rOf1gAvhvUyJ3zC0KU0xvuUYBcWCd-40c2.jpg?size=75x56&quality=96&type=album', 'type': 's', 'width': 75}, {'height': 1440, 'url': 'https://sun9-east.userapi.com/sun9-59/s/v1/ig2/_8Y8IRK0OjR8LduK1kXsE9cSFbdMXDLo89BZjbSbKQzho9bvXdtwoIirVGEgIKBOArpTrtx4YGIJG_qFDkHpOQu5.jpg?size=1920x1440&quality=96&type=album', 'type': 'w', 'width': 1920}, {'height': 453, 'url': 'https://sun9-east.userapi.com/sun9-59/s/v1/ig2/YZAVSRpEBmGIeQejPfIVtQeyVk92iIp3aixopiZQ-zY8IDy329-iKTV_TJi_RWoIt6rm0NCEYz0gU5-7Q53h2Ov8.jpg?size=604x453&quality=96&type=album', 'type': 'x', 'width': 604}, {'height': 605, 'url': 'https://sun9-east.userapi.com/sun9-59/s/v1/ig2/wuK24DAf_flBx_1GRUv4D3ix5iktUrtFveK-4QRuR6Q6VGcB_xX_VRI--lHnWK0J7S91kYJw1kdSRxNGWzj3TVvG.jpg?size=807x605&quality=96&type=album', 'type': 'y', 'width': 807}, {'height': 960, 'url': 'https://sun9-east.userapi.com/sun9-59/s/v1/ig2/BJFw54YD22ShP5oWeoZSZpej6QASt-e785QajZz5YpcqKqs-4kDQcRw19zpGJrRmsNupROljm7gNJXz9Y22aU_-6.jpg?size=1280x960&quality=96&type=album', 'type': 'z', 'width': 1280}]","276,4,1435",
-7,1575900608,False,457250872,402130349,177,"[{'height': 130, 'url': 'https://sun9-north.userapi.com/sun9-79/s/v1/ig2/2tx9zJzX1EIsIKvL2DCwXvxEfu3-gbZHHAruw8ziDbSFaYVerzHx3RVta5A0ixpJ76TGYys9vtHI15GMzi0gyFXO.jpg?size=130x130&quality=96&type=album', 'type': 'm', 'width': 130}, {'height': 130, 'url': 'https://sun9-north.userapi.com/sun9-79/s/v1/ig2/2tx9zJzX1EIsIKvL2DCwXvxEfu3-gbZHHAruw8ziDbSFaYVerzHx3RVta5A0ixpJ76TGYys9vtHI15GMzi0gyFXO.jpg?size=130x130&quality=96&type=album', 'type': 'o', 'width': 130}, {'height': 201, 'url': 'https://sun9-north.userapi.com/sun9-79/s/v1/ig2/ieNkqEywcindU-IegWb4tarMhQX-xy8VhFjF8IEpZKLoDWVF8JKElkXqB2cNKDZGjCTpHynL_IwGOHcBNb_RGWmH.jpg?size=200x201&quality=96&type=album', 'type': 'p', 'width': 200}, {'height': 321, 'url': 'https://sun9-north.userapi.com/sun9-79/s/v1/ig2/fftaSe8NRYhtM6u8uUX4zDyC_PdiJwjH4Wb5-sLBJipSPjecIIFGyQc07uD7VAFxWAEFYtRDYAUnecg7oxT01RgK.jpg?size=320x321&quality=96&type=album', 'type': 'q', 'width': 320}, {'height': 512, 'url': 'https://sun9-north.userapi.com/sun9-79/s/v1/ig2/mKi2-aL8tmzcZ-Ue9Lr4HzMTJL4Q79qlYnqDcGACSShxy5xnYaeQUvs89RGl1utGLF8t5xVeuRm8RZzvvEEUCBIF.jpg?size=510x512&quality=96&type=album', 'type': 'r', 'width': 510}, {'height': 75, 'url': 'https://sun9-north.userapi.com/sun9-79/s/v1/ig2/gxOXC2Wl0kR1PCyquXHdDfxtHDnPikiXje2HnpkFONGPxgo-ys4eq0ec1dfu1k7VMjDvCZp1jU4fUrcrhyxKmRQm.jpg?size=75x75&quality=96&type=album', 'type': 's', 'width': 75}, {'height': 600, 'url': 'https://sun9-north.userapi.com/sun9-79/s/v1/ig2/-OtkdqhWxtHvjpTeEKmXcZR1NiU4NgJPpxdAbhtmDmVJYJcqz4OcjGwtsZ-BNlKlVCWd3y4346NO5F9oQZpykkCH.jpg?size=598x600&quality=96&type=album', 'type': 'x', 'width': 598}]",,
-7,1605719673,False,457262082,402130349,206,"[{'height': 130, 'url': 'https://sun9-north.userapi.com/sun9-80/s/v1/ig2/mGSyzN1g28pTe5sXBVj4OoGtXW8zN_XoibPhUW2KL2ZMwMZ-hWDZ9VJdXOmWmi72AFtLYefPMJM09X3fT1BTbTNX.jpg?size=130x130&quality=96&type=album', 'type': 'm', 'width': 130}, {'height': 130, 'url': 'https://sun9-north.userapi.com/sun9-80/s/v1/ig2/mGSyzN1g28pTe5sXBVj4OoGtXW8zN_XoibPhUW2KL2ZMwMZ-hWDZ9VJdXOmWmi72AFtLYefPMJM09X3fT1BTbTNX.jpg?size=130x130&quality=96&type=album', 'type': 'o', 'width': 130}, {'height': 200, 'url': 'https://sun9-north.userapi.com/sun9-80/s/v1/ig2/dGUY8f5Js5L9tSELlPHdIkEh7-8xQLaEdtGVDqafx_8qSzGTqybR-z_d0dNwtKhmn-fcMGZAScdU5AM3IeYvqaLT.jpg?size=200x200&quality=96&type=album', 'type': 'p', 'width': 200}, {'height': 320, 'url': 'https://sun9-north.userapi.com/sun9-80/s/v1/ig2/BmEJmnOK--ZnmeWtt9eoGp9rafIi_ZdmZJb5kUVhdKULHZSnglojXtGIon0KweQCCEMMONdTnjXPeAs_Ur3ncE0F.jpg?size=320x320&quality=96&type=album', 'type': 'q', 'width': 320}, {'height': 510, 'url': 'https://sun9-north.userapi.com/sun9-80/s/v1/ig2/KdrE1PKL244CAEqH7CSIUEhKWDAtTW7rIBdhJ-s3tOHqAl9R7bAz5CEG6iW_LtkkX66vwaEcTtOo8tWIyY7OdiCq.jpg?size=510x510&quality=96&type=album', 'type': 'r', 'width': 510}, {'height': 75, 'url': 'https://sun9-north.userapi.com/sun9-80/s/v1/ig2/Eb-eUUaRpb3SidBanBIZkCLzxGnH_P-gvKUbifhp9hWQ-W0zc4avBKytk265KgDjTUKZiTDf1bkFsPmHOVBJTAOn.jpg?size=75x75&quality=96&type=album', 'type': 's', 'width': 75}, {'height': 600, 'url': 'https://sun9-north.userapi.com/sun9-80/s/v1/ig2/n238RMhuW_QGA9Cf8KfZ8EM2LMmPoKX5EC9nvnkCeqTxV_w4CDWkfMvkSlDsn1iqGbsOv2XHv-wDkpYnpRt94bU0.jpg?size=600x600&quality=96&type=album', 'type': 'x', 'width': 600}]",,
-7,1626137190,False,457265490,402130349,219,"[{'height': 130, 'url': 'https://sun9-north.userapi.com/sun9-82/s/v1/ig2/Ajr_FYIKOUUcAOtD32pHczRKbNzlgCJaX0VAj6iRffffzCYfYkDKni1lNci76Iqvk_cSyeFODObqAnXBR5h2Iswq.jpg?size=115x130&quality=96&type=album', 'type': 'm', 'width': 115}, {'height': 147, 'url': 'https://sun9-north.userapi.com/sun9-82/s/v1/ig2/0nMi54jsgayHdV6ejbFfGYiJrIEUqwGp1BWO0rkmXbLhmd3KnH-kWm7-_AgBTiiV4ptti2PqvrNiDauGoY8RbMDN.jpg?size=130x147&quality=96&type=album', 'type': 'o', 'width': 130}, {'height': 226, 'url': 'https://sun9-north.userapi.com/sun9-82/s/v1/ig2/HTqFN-Jw-UX4PqEtGUN7xXj6DQgjPkSzopLI9LrOoyFNDd50sxlalEo2VVahfiurFxQMmo71mrH2-6ggJwzKv_Ed.jpg?size=200x226&quality=96&type=album', 'type': 'p', 'width': 200}, {'height': 361, 'url': 'https://sun9-north.userapi.com/sun9-82/s/v1/ig2/a3QC-oYfQy2B_NNrmDAI0wbejwoSwQ3tAr5Fze33grUWhqPifAJYODMT9zZYJE1EOX5wq1f1J4S7yl9f268HGMw1.jpg?size=320x361&quality=96&type=album', 'type': 'q', 'width': 320}, {'height': 576, 'url': 'https://sun9-north.userapi.com/sun9-82/s/v1/ig2/fvkuYjyPy3Dj-BeD9Iaom0IFTct-OGOcEpk8mqQEAAoR7yutCt5f947Mn1sRgTi7phQpgC_GROoxQAYZ6rhH0_1s.jpg?size=510x576&quality=96&type=album', 'type': 'r', 'width': 510}, {'height': 75, 'url': 'https://sun9-north.userapi.com/sun9-82/s/v1/ig2/Xn9GLsYrLi1wiTCsHiz9kG8LrYjkLFSWBqoS-Q0Q1aMml8fBaYnzsNBXfcJemn1rb0mZZZ8fLSi7uHZOg7Aefif3.jpg?size=66x75&quality=96&type=album', 'type': 's', 'width': 66}, {'height': 604, 'url': 'https://sun9-north.userapi.com/sun9-82/s/v1/ig2/Amd25_G2XXSdHX6rA8rDKsNjfv-cdQf5Hi69wwMkvItM-YDoWGR1sn90MSoOJcCm1qJqRBUq4LRuZRrbb3He2rqj.jpg?size=535x604&quality=96&type=album', 'type': 'x', 'width': 535}, {'height': 736, 'url': 'https://sun9-north.userapi.com/sun9-82/s/v1/ig2/Aggx-5OLXSCBNLvHcZ2h-0s0vxYcmrZ-VmKuo_aeIb2SQSBpj42paqja7DG67uBtDHrnUAxbNQEESi3m0kwnEpV0.jpg?size=652x736&quality=96&type=album', 'type': 'y', 'width': 652}]",,
-7,1628017973,False,457266792,402130349,220,"[{'height': 130, 'url': 'https://sun9-west.userapi.com/sun9-7/s/v1/ig2/0zZpAKNtC6AUFAIss1VhGKxIaBV_06GGaRVP1jVOUgQ_P1X02lFcCikTDmWsgdHFnCy1BWzuWoIkQAs0cy0QA-WZ.jpg?size=97x130&quality=96&type=album', 'type': 'm', 'width': 97}, {'height': 173, 'url': 'https://sun9-west.userapi.com/sun9-7/s/v1/ig2/cEE7J1jkNnRPssUMOYM4A88oE6SejwCLRUlyPVWwjnn_EfcKGkwXwbSw6HAFt9LSF7ILjoYpI2_odmQqruTBN8bv.jpg?size=130x173&quality=96&type=album', 'type': 'o', 'width': 130}, {'height': 267, 'url': 'https://sun9-west.userapi.com/sun9-7/s/v1/ig2/9iTGa1OPjE74WYpW1kYUvx5FHur7O8S_ZgmHQlp0MUBPsvRmEOtsxBsTPhJnI5wk21L7w-b9fM3_WdSVCit3YsLz.jpg?size=200x267&quality=96&type=album', 'type': 'p', 'width': 200}, {'height': 427, 'url': 'https://sun9-west.userapi.com/sun9-7/s/v1/ig2/Ls7cM4NHZgw7AL3RirnYjIw1RL9d6se9--CRxbT-HuT-SkaIFtAInVeOnlo4sfNKDlV7Qu12em6B1yUxVh99_Crl.jpg?size=320x427&quality=96&type=album', 'type': 'q', 'width': 320}, {'height': 680, 'url': 'https://sun9-west.userapi.com/sun9-7/s/v1/ig2/tlgnWTbZtnVatO_MztcBwo9iMupCOBVjw65RuwC7puT9G1UqKoxIADb3eqMzHEzo9rL3zF_Nl38b73ENjVFrazy0.jpg?size=510x680&quality=96&type=album', 'type': 'r', 'width': 510}, {'height': 75, 'url': 'https://sun9-west.userapi.com/sun9-7/s/v1/ig2/gkQhzH0PQmJNA8vEp77h1xy_aK2ejnDZ_kHEePVxhaSlvFowHaZnKK-lp1_XXBpm7ZUeJSnI5uDzK-OHMZ5icBxU.jpg?size=56x75&quality=96&type=album', 'type': 's', 'width': 56}, {'height': 1600, 'url': 'https://sun9-west.userapi.com/sun9-7/s/v1/ig2/RmZrgWegnCDLCtURslemhDkzM5Gwm1JlWxL35fMCNDwB_HftCe9Yoo0iDntFLT5p-YAnwW4iNTIOp3TCCcnCelem.jpg?size=1200x1600&quality=96&type=album', 'type': 'w', 'width': 1200}, {'height': 604, 'url': 'https://sun9-west.userapi.com/sun9-7/s/v1/ig2/CWhutVnnXfIM4uJi9m4KNpnSQFUe-0Imv5E0U_VQlqSdw-7sRRxblrNq-TZQgXTs5llKrsCu_jCPEw3G9_xsq5k9.jpg?size=453x604&quality=96&type=album', 'type': 'x', 'width': 453}, {'height': 807, 'url': 'https://sun9-west.userapi.com/sun9-7/s/v1/ig2/uZY1fQiEMZDsrf56XAhk9DnntOloz1t1l2dQuc1qYzESVRBgPIRbswdIAt6-fkAtMgBGMpIAYjLinlDTDo7R6kq6.jpg?size=605x807&quality=96&type=album', 'type': 'y', 'width': 605}, {'height': 1080, 'url': 'https://sun9-west.userapi.com/sun9-7/s/v1/ig2/3t6X7xvwyHo-HLE5KA6uodNUeTgjGSS1PkJY1-6f4pqtutVUdecV3ZFuiTKLeShudxinHfYcxtg5tlQmYdKhRvH2.jpg?size=810x1080&quality=96&type=album', 'type': 'z', 'width': 810}]",,
