album_id,date,has_tags,id,owner_id,post_id,sizes,square_crop,text
-6,1466104404,False,416358852,165642955,8062,"[{'height': 130, 'url': 'https://sun9-37.userapi.com/impf/c631126/v631126955/3534c/PRgUMogA1vY.jpg?size=97x130&quality=96&sign=b37775be71936fd9c20cb079757c15da&c_uniq_tag=cnPeQhXHLintTofclo-n_fmQWCMIyKvw7LgvDHHP3rE&type=album', 'type': 'm', 'width': 97}, {'height': 173, 'url': 'https://sun9-37.userapi.com/impf/c631126/v631126955/3534c/PRgUMogA1vY.jpg?size=130x173&quality=96&sign=4b8997572945a99f8965a42626b8568b&c_uniq_tag=XSXV6yePNjavz9Ul7tIcZzaOx8x0b4EtwXTYBx29qB4&type=album', 'type': 'o', 'width': 130}, {'height': 267, 'url': 'https://sun9-37.userapi.com/impf/c631126/v631126955/3534c/PRgUMogA1vY.jpg?size=200x267&quality=96&sign=33f67acf42805bd236a70cfd845cea4c&c_uniq_tag=59AVTFU9JhMlQFmQBi60jGz132CceDkkMmph_480TqQ&type=album', 'type': 'p', 'width': 200}, {'height': 427, 'url': 'https://sun9-37.userapi.com/impf/c631126/v631126955/3534c/PRgUMogA1vY.jpg?size=320x427&quality=96&sign=40e7b1a5239853587ba27746f7efa0f5&c_uniq_tag=sjFkdyVdMjCw72y4IRqUFiJgSvasvXXE2IzK_JnhXGs&type=album', 'type': 'q', 'width': 320}, {'height': 680, 'url': 'https://sun9-37.userapi.com/impf/c631126/v631126955/3534c/PRgUMogA1vY.jpg?size=510x680&quality=96&sign=a5e878437c159f002e8c935e27be90b6&c_uniq_tag=T7f92jNART9E_5Xz1SsZLzM71P8DUANNDhBiCmuUP1k&type=album', 'type': 'r', 'width': 510}, {'height': 75, 'url': 'https://sun9-37.userapi.com/impf/c631126/v631126955/3534c/PRgUMogA1vY.jpg?size=56x75&quality=96&sign=4c663ee1e10c7d6cb51d87e9de684a75&c_uniq_tag=PFvIn4y1bMIxOn7Lls3j3FvgWif6saDquvMKEQgADZA&type=album', 'type': 's', 'width': 56}, {'height': 1280, 'url': 'https://sun9-37.userapi.com/impf/c631126/v631126955/3534c/PRgUMogA1vY.jpg?size=960x1280&quality=96&sign=cde0f1b7040decc33ad4bb5c9fcb4f5b&c_uniq_tag=PCBy0iJwDAk3dwiBHZwqcL8UsK2eQXSLVhBCdJh-_tk&type=album', 'type': 'w', 'width': 960}, {'height': 604, 'url': 'https://sun9-37.userapi.com/impf/c631126/v631126955/3534c/PRgUMogA1vY.jpg?size=453x604&quality=96&sign=3cb1ee89b7d8769d812f4344edb03651&c_uniq_tag=v5os9ai3w6-DzyWfQ932jZd6b3I6XSJQbjA0Qc90JfU&type=album', 'type': 'x', 'width': 453}, {'height': 807, 'url': 'https://sun9-37.userapi.com/impf/c631126/v631126955/3534c/PRgUMogA1vY.jpg?size=605x807&quality=96&sign=3f7e6b122febc3245601959bcfaeb9c5&c_uniq_tag=EVqQ9O3FOYsQFurgAGyXqaUdm50brdnVSIpsnGMopUg&type=album', 'type': 'y', 'width': 605}, {'height': 1080, 'url': 'https://sun9-37.userapi.com/impf/c631126/v631126955/3534c/PRgUMogA1vY.jpg?size=810x1080&quality=96&sign=f4038b8bcdbc3de48c8b95d6db069a08&c_uniq_tag=3ghYdexhPm8JSurt7pb9t-h4ibzYanLlL9hNtcAj0uc&type=album', 'type': 'z', 'width': 810}]","96,96,768",
-6,1478117268,False,436505054,165642955,8491,"[{'height': 130, 'url': 'https://sun9-72.userapi.com/impf/c636531/v636531955/31500/a0wrsT1ZvgE.jpg?size=97x130&quality=96&sign=155375ad6137d0090b9367a2fd57a791&c_uniq_tag=WS3cesDFN0MvpvxerkukLobMbMpSTVb4EXWQYGbBEPA&type=album', 'type': 'm', 'width': 97}, {'height': 173, 'url': 'https://sun9-72.userapi.com/impf/c636531/v636531955/31500/a0wrsT1ZvgE.jpg?size=130x173&quality=96&sign=74904acad129af49f9283ddfd70aa8be&c_uniq_tag=aqeYzYQ8GkCCexUjVUbnnNG6XhKJNx0AxjT_VanNtY4&type=album', 'type': 'o', 'width': 130}, {'height': 267, 'url': 'https://sun9-72.userapi.com/impf/c636531/v636531955/31500/a0wrsT1ZvgE.jpg?size=200x267&quality=96&sign=249f3403c87df5779ede70a7a9b33d26&c_uniq_tag=hWZ0_44n7AtQiXy0AL-IchdRpAZrYGi-3fVVUYXIiIg&type=album', 'type': 'p', 'width': 200}, {'height': 427, 'url': 'https://sun9-72.userapi.com/impf/c636531/v636531955/31500/a0wrsT1ZvgE.jpg?size=320x427&quality=96&sign=fa30cb88cc48615e0a3104aca279bd42&c_uniq_tag=mYfB2aCuwpXVWWIagJasdNuRQ-wxAyV1a0T8LPxnrYA&type=album', 'type': 'q', 'width': 320}, {'height': 680, 'url': 'https://sun9-72.userapi.com/impf/c636531/v636531955/31500/a0wrsT1ZvgE.jpg?size=510x680&quality=96&sign=686132cb78c1902eb9fa6e1651b2323e&c_uniq_tag=0txnFsjpGLxRBJ8KcMas3Tr8OsTcAFZy97oLpETjGos&type=album', 'type': 'r', 'width': 510}, {'height': 75, 'url': 'https://sun9-72.userapi.com/impf/c636531/v636531955/31500/a0wrsT1ZvgE.jpg?size=56x75&quality=96&sign=b64296d83dc3402bf9495a82b7d19480&c_uniq_tag=IBq4LXflTBg3PJBGo39X_I7dQ_592NazvC17GUoifmM&type=album', 'type': 's', 'width': 56}, {'height': 604, 'url': 'https://sun9-72.userapi.com/impf/c636531/v636531955/31500/a0wrsT1ZvgE.jpg?size=453x604&quality=96&sign=c2f7cd294a584523f820ee9f52dc10fb&c_uniq_tag=q2PzEq9_B-JmbZdskANHPSaT-wrccZJu5h0pyvomKbY&type=album', 'type': 'x', 'width': 453}, {'height': 720, 'url': 'https://sun9-72.userapi.com/impf/c636531/v636531955/31500/a0wrsT1ZvgE.jpg?size=540x720&quality=96&sign=43d89dda7841b912a51fc5b555660427&c_uniq_tag=XgbPvwl28cFBW5CRoAzKS0qsgW4hs5w5b-jTazXekfs&type=album', 'type': 'y', 'width': 540}]","0,58,540",
-6,1484495828,False,456240073,165642955,8675,"[{'height': 73, 'url': 'https://sun9-44.userapi.com/impf/c638221/v638221955/1ec2a/wLPi6V2868c.jpg?size=130x73&quality=96&sign=ebe4f93bafdc2dd1a4b41685935ddeba&c_uniq_tag=UtUcniCcyImIxx_Hc0Rsw4DxOczj-cdB0sRdLK7mMws&type=album', 'type': 'm', 'width': 130}, {'height': 87, 'url': 'https://sun9-44.userapi.com/impf/c638221/v638221955/1ec2a/wLPi6V2868c.jpg?size=130x87&quality=96&crop=163,0,1721,1152&sign=15770153174d563891ae86baa695456a&c_uniq_tag=BLoA9mT-uBZFXcF6D5WVMOxu6jeDVnflR6KS0IrDmLw&type=album', 'type': 'o', 'width': 130}, {'height': 133, 'url': 'https://sun9-44.userapi.com/impf/c638221/v638221955/1ec2a/wLPi6V2868c.jpg?size=200x133&quality=96&crop=158,0,1732,1152&sign=ffa3a9d04aad2d4d6b8da43a0413fc81&c_uniq_tag=UH-tBsX1_OAat0rzYBtQqkA5LF08I_VM86NqRzMElr4&type=album', 'type': 'p', 'width': 200}, {'height': 213, 'url': 'https://sun9-44.userapi.com/impf/c638221/v638221955/1ec2a/wLPi6V2868c.jpg?size=320x213&quality=96&crop=158,0,1731,1152&sign=24077b2758628321a205e4c62c186ed6&c_uniq_tag=MEumwEfvOHnuR9iwA7T9A_BpjxaOsGgSpElJhxd81JQ&type=album', 'type': 'q', 'width': 320}, {'height': 340, 'url': 'https://sun9-44.userapi.com/impf/c638221/v638221955/1ec2a/wLPi6V2868c.jpg?size=510x340&quality=96&crop=160,0,1728,1152&sign=3b9660a3b1fe6425e147ecf39b5a409e&c_uniq_tag=YlOiWOafXV6vmBR8TXTFcbKKLVerU2BKsuEUzQQqCRk&type=album', 'type': 'r', 'width': 510}, {'height': 42, 'url': 'https://sun9-44.userapi.com/impf/c638221/v638221955/1ec2a/wLPi6V2868c.jpg?size=75x42&quality=96&sign=027fd94152c20634a1324450fb8e13ba&c_uniq_tag=mGAfNc-wUzFxptczbwKj-Ee1OeLEkGoe55mZH9u0IQA&type=album', 'type': 's', 'width': 75}, {'height': 1152, 'url': 'https://sun9-44.userapi.com/impf/c638221/v638221955/1ec2a/wLPi6V2868c.jpg?size=2048x1152&quality=96&sign=02397c791d20264fbc11809b902bb0b1&c_uniq_tag=XJYKAbwCDCJ_Mhn5wSNGH19dTTEXfnfGno_LzHR2QEU&type=album', 'type': 'w', 'width': 2048}, {'height': 340, 'url': 'https://sun9-44.userapi.com/impf/c638221/v638221955/1ec2a/wLPi6V2868c.jpg?size=604x340&quality=96&sign=3d3f58009336900c15cb81a9512bd7cb&c_uniq_tag=6fuVL2riUVFxzivhnoO7kYap3QwIMNrtdzAlbod3V2Y&type=album', 'type': 'x', 'width': 604}, {'height': 454, 'url': 'https://sun9-44.userapi.com/impf/c638221/v638221955/1ec2a/wLPi6V2868c.jpg?size=807x454&quality=96&sign=da803c0a03ccdb14701df6f127b14c61&c_uniq_tag=1_ux_Orek1rECq4XGUx9T0sCumz-nSlC8U8dJ36O5Nk&type=album', 'type': 'y', 'width': 807}, {'height': 720, 'url': 'https://sun9-44.userapi.com/impf/c638221/v638221955/1ec2a/wLPi6V2868c.jpg?size=1280x720&quality=96&sign=6946e079fc28cbdc291f07b0a1f59dfb&c_uniq_tag=G6XIvKu3KwVu3m0FwnTbVGdCeTOaLnY1vLn6QNQLDG8&type=album', 'type': 'z', 'width': 1280}]","343,6,1140",
-6,1488718289,False,456240816,165642955,8741,"[{'height': 130, 'url': 'https://sun9-85.userapi.com/impf/c636827/v636827955/516c1/rAwAcLq0I04.jpg?size=97x130&quality=96&sign=e8f9b9b07cc391af20c70dd5dd561ad4&c_uniq_tag=WrL08KprNjY4BoLriFDO8D2YAVRtmSCVBUkJ2s292bY&type=album', 'type': 'm', 'width': 97}, {'height': 173, 'url': 'https://sun9-85.userapi.com/impf/c636827/v636827955/516c1/rAwAcLq0I04.jpg?size=130x173&quality=96&sign=f66a08794c8dbf09e008ac73119d9ca7&c_uniq_tag=xBrPfdROnyepuEcYpou2hRxCjcaNCdg_gQzU8ePcwvI&type=album', 'type': 'o', 'width': 130}, {'height': 267, 'url': 'https://sun9-85.userapi.com/impf/c636827/v636827955/516c1/rAwAcLq0I04.jpg?size=200x267&quality=96&sign=53153ce1a2629ea54207ce00f217ba10&c_uniq_tag=6XLZ9IXIGv7SC2xaDlQXTsim3J1wici1bw0FMWeIm4E&type=album', 'type': 'p', 'width': 200}, {'height': 427, 'url': 'https://sun9-85.userapi.com/impf/c636827/v636827955/516c1/rAwAcLq0I04.jpg?size=320x427&quality=96&sign=57b81c86e8a3ab32a1b657c0f7dd95d8&c_uniq_tag=BadR5bOu0AFYxKZiHR1OgV9h7j61GwAfJmycseuvcBI&type=album', 'type': 'q', 'width': 320}, {'height': 680, 'url': 'https://sun9-85.userapi.com/impf/c636827/v636827955/516c1/rAwAcLq0I04.jpg?size=510x680&quality=96&sign=6c60558fa14f174259f1020857b17e80&c_uniq_tag=4o2fjQSphVuN2WeMYNlT-9xKyJfk0cJ1GGdS0tbTFaU&type=album', 'type': 'r', 'width': 510}, {'height': 75, 'url': 'https://sun9-85.userapi.com/impf/c636827/v636827955/516c1/rAwAcLq0I04.jpg?size=56x75&quality=96&sign=233ad6f8cf94cc8fd993703b4d9535f3&c_uniq_tag=09irtXeMTg2E543oRRyV_bKnvfM47_gbvP8iHaz6g6Y&type=album', 'type': 's', 'width': 56}, {'height': 604, 'url': 'https://sun9-85.userapi.com/impf/c636827/v636827955/516c1/rAwAcLq0I04.jpg?size=453x604&quality=96&sign=9c2ecb882f6a208c1971f25ae7692a43&c_uniq_tag=m2xrmmJdT0vw3hxuAd97TmlOpjy1y41lL3fcoWX_m58&type=album', 'type': 'x', 'width': 453}, {'height': 807, 'url': 'https://sun9-85.userapi.com/impf/c636827/v636827955/516c1/rAwAcLq0I04.jpg?size=605x807&quality=96&sign=8dabce8d4c02e1b7a719c00175995674&c_uniq_tag=PpUwbujUlR5iTfoaSZa5n3zpRBWldqUtkeQ7Qi2ILF0&type=album', 'type': 'y', 'width': 605}, {'height': 1040, 'url': 'https://sun9-85.userapi.com/impf/c636827/v636827955/516c1/rAwAcLq0I04.jpg?size=780x1040&quality=96&sign=b3c62ac0bb735d2132f5937f6e36041a&c_uniq_tag=k1X4yMnIpCAVW8pMXVXXRoVd9mfk0xl42ryC22GWxH8&type=album', 'type': 'z', 'width': 780}]","0,0,371",
-6,1489934980,False,456241047,165642955,8772,"[{'height': 73, 'url': 'https://sun9-44.userapi.com/impf/c837231/v837231955/2bafe/YEGqI3jpRYg.jpg?size=130x73&quality=96&sign=90d4e5686f5caa458dd6ccf95e78438a&c_uniq_tag=hG5g7T2iwQr6wwhHB55evbRMNjaCTpRnNT8hPvjwG2I&type=album', 'type': 'm', 'width': 130}, {'height': 87, 'url': 'https://sun9-44.userapi.com/impf/c837231/v837231955/2bafe/YEGqI3jpRYg.jpg?size=130x87&quality=96&crop=204,0,2152,1440&sign=02c477a17727e08a8b62623f365815da&c_uniq_tag=ZpbbSA84BTEf9aMZO94XVdoUXFdJxbmMkDXx3AkHi8s&type=album', 'type': 'o', 'width': 130}, {'height': 133, 'url': 'https://sun9-44.userapi.com/impf/c837231/v837231955/2bafe/YEGqI3jpRYg.jpg?size=200x133&quality=96&crop=197,0,2165,1440&sign=c55db5b29c10156cca7ba6032f9786df&c_uniq_tag=iwWk-CcVyb6oLVQ2UEycH2wpENyBV4zpGXE_FndQbPY&type=album', 'type': 'p', 'width': 200}, {'height': 213, 'url': 'https://sun9-44.userapi.com/impf/c837231/v837231955/2bafe/YEGqI3jpRYg.jpg?size=320x213&quality=96&crop=198,0,2163,1440&sign=e03eb4db6ec91981135a4c57e95e313b&c_uniq_tag=jI219K-8i0EzarkuezQm-rD43duYKomW42byF-Tm4rM&type=album', 'type': 'q', 'width': 320}, {'height': 340, 'url': 'https://sun9-44.userapi.com/impf/c837231/v837231955/2bafe/YEGqI3jpRYg.jpg?size=510x340&quality=96&crop=200,0,2160,1440&sign=7a99c01fc9bcb44b1f234eb503e9b70f&c_uniq_tag=oktl3r-qh0RbtNsaFHHf-D82zR50ji7WA7fJx0hpsmU&type=album', 'type': 'r', 'width': 510}, {'height': 42, 'url': 'https://sun9-44.userapi.com/impf/c837231/v837231955/2bafe/YEGqI3jpRYg.jpg?size=75x42&quality=96&sign=caa34689ef285956a6bdd4a606a2fbef&c_uniq_tag=1VcEX1fWfC4182r9qQmO3Wea3tb_FH25H8dmo2asRRg&type=album', 'type': 's', 'width': 75}, {'height': 1440, 'url': 'https://sun9-44.userapi.com/impf/c837231/v837231955/2bafe/YEGqI3jpRYg.jpg?size=2560x1440&quality=96&sign=7db7c9c602d2b7b1e97374f0e5f52a72&c_uniq_tag=VSAnrfdwFKnZIphN4NGlu2Uxm_g6Y4IEZFcYpE1IcJk&type=album', 'type': 'w', 'width': 2560}, {'height': 340, 'url': 'https://sun9-44.userapi.com/impf/c837231/v837231955/2bafe/YEGqI3jpRYg.jpg?size=604x340&quality=96&sign=414e1452e229e7afb75758543539fdc1&c_uniq_tag=G5KSKvDER-YQctiB0FRmK6MuPgq4LX3Ofo1BctIBJ0w&type=album', 'type': 'x', 'width': 604}, {'height': 454, 'url': 'https://sun9-44.userapi.com/impf/c837231/v837231955/2bafe/YEGqI3jpRYg.jpg?size=807x454&quality=96&sign=5705fa5f21304f99d799827711ebc5c7&c_uniq_tag=KBOQkeDplanXIiUFiYJ2VpKqOrT2tbknEJ3ytBD-5sw&type=album', 'type': 'y', 'width': 807}, {'height': 720, 'url': 'https://sun9-44.userapi.com/impf/c837231/v837231955/2bafe/YEGqI3jpRYg.jpg?size=1280x720&quality=96&sign=bb61011e783c6a1cd9d7a88ad66d2e5c&c_uniq_tag=B6S2V4qIZ356q1nFcTCtGdmsn2wtJoe5aCWgFMoON6U&type=album', 'type': 'z', 'width': 1280}]","487,0,1437",
-6,1491677167,False,456241374,165642955,8796,"[{'height': 73, 'url': 'https://sun9-63.userapi.com/impf/c639616/v639616955/1962f/zoaOIzyA6N4.jpg?size=130x73&quality=96&sign=39e97c143e0cec85c418df3181db33e2&c_uniq_tag=QnVs3FVYFJQYyaKFf8UHI3ztBfbIuOzrNH0gOulyzpA&type=album', 'type': 'm', 'width': 130}, {'height': 87, 'url': 'https://sun9-63.userapi.com/impf/c639616/v639616955/1962f/zoaOIzyA6N4.jpg?size=130x87&quality=96&crop=103,0,1074,719&sign=5574fca376290e87c153cb99552f1923&c_uniq_tag=s6bvk_9eObD2vBKh2EZ11CIAu5rbllNTTWhnEI86whI&type=album', 'type': 'o', 'width': 130}, {'height': 133, 'url': 'https://sun9-63.userapi.com/impf/c639616/v639616955/1962f/zoaOIzyA6N4.jpg?size=200x133&quality=96&crop=99,0,1081,719&sign=644a9e4ed98321eddb47bbb38801daa6&c_uniq_tag=47E4R2h00VNRZRevYsJGeiWirKSD9E8clLQ_wOEhxXE&type=album', 'type': 'p', 'width': 200}, {'height': 213, 'url': 'https://sun9-63.userapi.com/impf/c639616/v639616955/1962f/zoaOIzyA6N4.jpg?size=320x213&quality=96&crop=100,0,1080,719&sign=9971213e267a697303832f00b5f3bf4b&c_uniq_tag=eMvSDSSHh2WzCYgnPpYdDL_4hvFs_FvtAcFByDyYs4g&type=album', 'type': 'q', 'width': 320}, {'height': 340, 'url': 'https://sun9-63.userapi.com/impf/c639616/v639616955/1962f/zoaOIzyA6N4.jpg?size=510x340&quality=96&crop=101,0,1078,719&sign=48c8f459ee7503101a053eda533eb2a7&c_uniq_tag=JzPSZL1uP23ICh3_6Uk1o10HIBM9Cij8JKtSNjC2ikc&type=album', 'type': 'r', 'width': 510}, {'height': 42, 'url': 'https://sun9-63.userapi.com/impf/c639616/v639616955/1962f/zoaOIzyA6N4.jpg?size=75x42&quality=96&sign=2197570e5b11272cf94a05b54ce1fa43&c_uniq_tag=5CgJBrbzyem0_FCI-FXmvNtS37mgJgA1TFbgECt7BVs&type=album', 'type': 's', 'width': 75}, {'height': 339, 'url': 'https://sun9-63.userapi.com/impf/c639616/v639616955/1962f/zoaOIzyA6N4.jpg?size=604x339&quality=96&sign=b82095874a750585203524b24cd62c33&c_uniq_tag=naQohjeH0c4QhXx34sth0qo2hVY674wno4A-4_PqABI&type=album', 'type': 'x', 'width': 604}, {'height': 453, 'url': 'https://sun9-63.userapi.com/impf/c639616/v639616955/1962f/zoaOIzyA6N4.jpg?size=807x453&quality=96&sign=e22003608661a387489f3c53931e47de&c_uniq_tag=cJvpqc5yD0k2w8_O-0kxvg2kbjOYL30HmO3K_i4oXqs&type=album', 'type': 'y', 'width': 807}, {'height': 719, 'url': 'https://sun9-63.userapi.com/impf/c639616/v639616955/1962f/zoaOIzyA6N4.jpg?size=1280x719&quality=96&sign=28317d9620e8f72e0193677b14dbc5d9&c_uniq_tag=TK1Kqjt46LB4AfG6S2ueMl9FTIo6TScBvLWfKIc8mD4&type=album', 'type': 'z', 'width': 1280}]","463,71,588",
-6,1495791438,False,456241828,165642955,8849,"[{'height': 112, 'url': 'https://sun9-83.userapi.com/impf/c837527/v837527955/4badd/jdXKDs3akGg.jpg?size=130x112&quality=96&sign=8dc3783cf71c028061ee2d062cb46f33&c_uniq_tag=05syxn4e1pzBSfOD1I-BYhmaEEDpYzDJJzKs2mIu_ug&type=album', 'type': 'm', 'width': 130}, {'height': 112, 'url': 'https://sun9-83.userapi.com/impf/c837527/v837527955/4badd/jdXKDs3akGg.jpg?size=130x112&quality=96&sign=8dc3783cf71c028061ee2d062cb46f33&c_uniq_tag=05syxn4e1pzBSfOD1I-BYhmaEEDpYzDJJzKs2mIu_ug&type=album', 'type': 'o', 'width': 130}, {'height': 172, 'url': 'https://sun9-83.userapi.com/impf/c837527/v837527955/4badd/jdXKDs3akGg.jpg?size=200x172&quality=96&sign=678551f222ce9b45a0f82fc796e6a78c&c_uniq_tag=JbK9kh56dK0ilMh0ZJwI3cZbrPDdYhB3m258FDhLW-s&type=album', 'type': 'p', 'width': 200}, {'height': 274, 'url': 'https://sun9-83.userapi.com/impf/c837527/v837527955/4badd/jdXKDs3akGg.jpg?size=320x274&quality=96&sign=16fe3bf9e265070e2cd3affdbefa1272&c_uniq_tag=2szCNlJl1IiD6-k-nMq7B7bdJ2eZg5eN9h0wYw6seqo&type=album', 'type': 'q', 'width': 320}, {'height': 437, 'url': 'https://sun9-83.userapi.com/impf/c837527/v837527955/4badd/jdXKDs3akGg.jpg?size=510x437&quality=96&sign=698f084206acc82bb412743ddc845618&c_uniq_tag=KwozBp071fABZ_99RSN5rrtSwcQNjxd45SokymC7O9I&type=album', 'type': 'r', 'width': 510}, {'height': 64, 'url': 'https://sun9-83.userapi.com/impf/c837527/v837527955/4badd/jdXKDs3akGg.jpg?size=75x64&quality=96&sign=969a619240f66fc38cede4dee5f76a7e&c_uniq_tag=AuypoQGt4JlseSqFCqUcasPqYOLWJAdr9Z9mazHPHds&type=album', 'type': 's', 'width': 75}, {'height': 1707, 'url': 'https://sun9-83.userapi.com/impf/c837527/v837527955/4badd/jdXKDs3akGg.jpg?size=1990x1707&quality=96&sign=e3f73f1ccf6b72a1b6e2c25cc15fc4b2&c_uniq_tag=5PvqZKA9_oMjF8BII0wrILGEXFqbL2wNn0VcPa2Kb8U&type=album', 'type': 'w', 'width': 1990}, {'height': 518, 'url': 'https://sun9-83.userapi.com/impf/c837527/v837527955/4badd/jdXKDs3akGg.jpg?size=604x518&quality=96&sign=d1613af5f0cf9faf78d6fc8ffe46c7a0&c_uniq_tag=PRxf7tcegwrKu9XV5mfEpuWiNGYngykCukQNywN56JI&type=album', 'type': 'x', 'width': 604}, {'height': 692, 'url': 'https://sun9-83.userapi.com/impf/c837527/v837527955/4badd/jdXKDs3akGg.jpg?size=807x692&quality=96&sign=cf13ea71016f935c7f4cbd33e44b87c1&c_uniq_tag=pFKHM8bzqfVzuwkaTodQg_YGw6_yRLEXln_EyRbkgOM&type=album', 'type': 'y', 'width': 807}, {'height': 1098, 'url': 'https://sun9-83.userapi.com/impf/c837527/v837527955/4badd/jdXKDs3akGg.jpg?size=1280x1098&quality=96&sign=ae32ab8a387359a0c02fc14f24397e74&c_uniq_tag=byFrKem0DcAbKt50cW1DdLLJ7MF-I9TdJI-qMy2fGMI&type=album', 'type': 'z', 'width': 1280}]","290,0,1699",
-6,1499611355,False,456242462,165642955,8938,"[{'height': 130, 'url': 'https://sun9-76.userapi.com/impf/c836425/v836425955/47637/M2bhOWryMJA.jpg?size=97x130&quality=96&sign=dd5ec0325afa318318251e6d17e13a06&c_uniq_tag=gQQc9pAUAyw8B0oP_pMkIepqXj3p7sSlPY9MSVD57pY&type=album', 'type': 'm', 'width': 97}, {'height': 173, 'url': 'https://sun9-76.userapi.com/impf/c836425/v836425955/47637/M2bhOWryMJA.jpg?size=130x173&quality=96&sign=e660ad9310b2b49851c89a59d753993c&c_uniq_tag=DVRuju4Xpg63qp1UZ6aJBHcoMiIwWfx2jbak7bxGuII&type=album', 'type': 'o', 'width': 130}, {'height': 267, 'url': 'https://sun9-76.userapi.com/impf/c836425/v836425955/47637/M2bhOWryMJA.jpg?size=200x267&quality=96&sign=ef81e87083449c8d730fb5f6d2ac4567&c_uniq_tag=5mxECFkZDKZ5sYy1tH0MhOF9qwUDV4U1-FAvBqrLGMM&type=album', 'type': 'p', 'width': 200}, {'height': 427, 'url': 'https://sun9-76.userapi.com/impf/c836425/v836425955/47637/M2bhOWryMJA.jpg?size=320x427&quality=96&sign=3810c35b33657a4662d7e1c8c510d518&c_uniq_tag=UbMbH5yXtgUgvlpg5BSvNJeCcDTElbR_il_UV7WwldI&type=album', 'type': 'q', 'width': 320}, {'height': 680, 'url': 'https://sun9-76.userapi.com/impf/c836425/v836425955/47637/M2bhOWryMJA.jpg?size=510x680&quality=96&sign=485a4398e2081274cd2a22ed5ae225c4&c_uniq_tag=Nq32degvVby460tczPJ_QJ6zaHFVCiVUa54G6KOtvnY&type=album', 'type': 'r', 'width': 510}, {'height': 75, 'url': 'https://sun9-76.userapi.com/impf/c836425/v836425955/47637/M2bhOWryMJA.jpg?size=56x75&quality=96&sign=e29aaa3f7e2b3ffe8b13fb86b19d5480&c_uniq_tag=xEVkc5MZVrok8jQ2lcTo5oE-ysvHyxXZOstF-MqUUfo&type=album', 'type': 's', 'width': 56}, {'height': 2160, 'url': 'https://sun9-76.userapi.com/impf/c836425/v836425955/47637/M2bhOWryMJA.jpg?size=1620x2160&quality=96&sign=5ed0e267454c94012937c25f2b778f6e&c_uniq_tag=8dt8MlPWnG9bFiu9wxtseaSDSLJMu7bxuvS4KFhbans&type=album', 'type': 'w', 'width': 1620}, {'height': 604, 'url': 'https://sun9-76.userapi.com/impf/c836425/v836425955/47637/M2bhOWryMJA.jpg?size=453x604&quality=96&sign=adeba5af97001f344927a97cb3e5a05a&c_uniq_tag=pAHYBTgZXxU7R3QwoGtVq3AvSpPDWLfAgM1J15fLsXw&type=album', 'type': 'x', 'width': 453}, {'height': 807, 'url': 'https://sun9-76.userapi.com/impf/c836425/v836425955/47637/M2bhOWryMJA.jpg?size=605x807&quality=96&sign=031daa8298f9f167bbaaed416a9fd234&c_uniq_tag=mccdFVR2rNvElGtXlQRW54kvE4V7wzsUuUAdCQkqjbc&type=album', 'type': 'y', 'width': 605}, {'height': 1080, 'url': 'https://sun9-76.userapi.com/impf/c836425/v836425955/47637/M2bhOWryMJA.jpg?size=810x1080&quality=96&sign=50aaa682cfdba42e59cd396cc82a893c&c_uniq_tag=HntgWHVc06CJswlwK5ubAcm2TEhpVGKM_4wuqoGw328&type=album', 'type': 'z', 'width': 810}]","7,549,1601",
-6,1502819181,False,456243791,165642955,8981,"[{'height': 130, 'url': 'https://sun9-87.userapi.com/impf/c841421/v841421031/15275/4avwyjMmpJI.jpg?size=73x130&quality=96&sign=a3f9dc115f1551b0d126d13300daa653&c_uniq_tag=n7N6aDFLNpxoHrhtnXPw5XGDp9JnaEJDgjxBcmSzdfo&type=album', 'type': 'm', 'width': 73}, {'height': 231, 'url': 'https://sun9-87.userapi.com/impf/c841421/v841421031/15275/4avwyjMmpJI.jpg?size=130x231&quality=96&sign=b31d37c46618d00412b62cf757da1cc5&c_uniq_tag=RUMKhR43XtaLn__H8OoFrQjHDyOf44OJZ7ArBzKe6MM&type=album', 'type': 'o', 'width': 130}, {'height': 356, 'url': 'https://sun9-87.userapi.com/impf/c841421/v841421031/15275/4avwyjMmpJI.jpg?size=200x356&quality=96&sign=d8691503d25e0d20a007f7fd1c1dcc24&c_uniq_tag=n_aWLSCuawk4l78azOam5yB1ARKlwm1AVDDrMA2sJOI&type=album', 'type': 'p', 'width': 200}, {'height': 569, 'url': 'https://sun9-87.userapi.com/impf/c841421/v841421031/15275/4avwyjMmpJI.jpg?size=320x569&quality=96&sign=402b7030538cf202fb38d79d39e7129d&c_uniq_tag=2dUA13MsrbQwa4uasQZCPJ_2eSMQLt3RTq5etCIZBAg&type=album', 'type': 'q', 'width': 320}, {'height': 900, 'url': 'https://sun9-87.userapi.com/impf/c841421/v841421031/15275/4avwyjMmpJI.jpg?size=510x900&quality=96&crop=0,0,607,1071&sign=e4a1b69e1bf3f0d49817384599d90c22&c_uniq_tag=IXLAbAD0JF7xtgLojh6jrJM280F17i1AqKaHNj-HiTo&type=album', 'type': 'r', 'width': 510}, {'height': 75, 'url': 'https://sun9-87.userapi.com/impf/c841421/v841421031/15275/4avwyjMmpJI.jpg?size=42x75&quality=96&sign=11621db95465950e883380e19060b431&c_uniq_tag=G1P3ybVplbagAgMw-b4vxZjshIX4myb7HOP8B30SaJA&type=album', 'type': 's', 'width': 42}, {'height': 604, 'url': 'https://sun9-87.userapi.com/impf/c841421/v841421031/15275/4avwyjMmpJI.jpg?size=339x604&quality=96&sign=69acbbec6d7d4c2778ddecb6fe04072f&c_uniq_tag=rEuIeEtd-YTPTIUOyAaFMFl1qzYrfutnw9GLRHAQlyE&type=album', 'type': 'x', 'width': 339}, {'height': 807, 'url': 'https://sun9-87.userapi.com/impf/c841421/v841421031/15275/4avwyjMmpJI.jpg?size=454x807&quality=96&sign=86410bde6b269c230c8793463a7a8f88&c_uniq_tag=hQKJRi9mKc4drKAlsTe1v24ERZkv9-27dxGlRbGhGK8&type=album', 'type': 'y', 'width': 454}, {'height': 1080, 'url': 'https://sun9-87.userapi.com/impf/c841421/v841421031/15275/4avwyjMmpJI.jpg?size=607x1080&quality=96&sign=2edae54e1b89c68201269a7bbf9f8845&c_uniq_tag=kCiJxXMWL4XXFOVxkIA3_VY87Ejves_s8XT4FNmIqWU&type=album', 'type': 'z', 'width': 607}]","0,366,606",
-6,1503841892,False,456244183,165642955,9006,"[{'height': 130, 'url': 'https://sun9-12.userapi.com/impf/c638724/v638724216/5282a/ek-prNV0W88.jpg?size=73x130&quality=96&sign=aa4b30f6bdebeb0c007146947283a237&c_uniq_tag=CsVsGV1DqsJensa3xIMk-wkLMoOqJmlZLi5k0E8Dj-c&type=album', 'type': 'm', 'width': 73}, {'height': 231, 'url': 'https://sun9-12.userapi.com/impf/c638724/v638724216/5282a/ek-prNV0W88.jpg?size=130x231&quality=96&sign=3c645c74cf55d5d7d4b08225f402e290&c_uniq_tag=xbqd2zNw6Z1yu3-wP0n2qHLy8KyN3N-Rg5oDd-SbNwk&type=album', 'type': 'o', 'width': 130}, {'height': 356, 'url': 'https://sun9-12.userapi.com/impf/c638724/v638724216/5282a/ek-prNV0W88.jpg?size=200x356&quality=96&sign=166e9a02b7be51d915b293600fb0e4fb&c_uniq_tag=vhIpoe-JdbiZvY3s1922kpOKIYMvHq82qXWJUlYiyn0&type=album', 'type': 'p', 'width': 200}, {'height': 569, 'url': 'https://sun9-12.userapi.com/impf/c638724/v638724216/5282a/ek-prNV0W88.jpg?size=320x569&quality=96&sign=f4460ea1f6e4bdfeac7cfd023a172d8b&c_uniq_tag=FXOFtv_hb7n_yduUCu1QRHXBxhxrhEpE44eOrjs5nLY&type=album', 'type': 'q', 'width': 320}, {'height': 900, 'url': 'https://sun9-12.userapi.com/impf/c638724/v638724216/5282a/ek-prNV0W88.jpg?size=510x900&quality=96&crop=0,0,1161,2049&sign=e23c6001edc32e59b658c0f81032efe3&c_uniq_tag=FbLqg41JizJlyGvktO-B1ygM5q0b95I06jftwRnqcdc&type=album', 'type': 'r', 'width': 510}, {'height': 75, 'url': 'https://sun9-12.userapi.com/impf/c638724/v638724216/5282a/ek-prNV0W88.jpg?size=42x75&quality=96&sign=a9be20ce7d896cc8a02e7872a78ed120&c_uniq_tag=3eBAP31fNm_U7gSap-uJ2FszFjZWLcmszcZO2lVbRs4&type=album', 'type': 's', 'width': 42}, {'height': 2064, 'url': 'https://sun9-12.userapi.com/impf/c638724/v638724216/5282a/ek-prNV0W88.jpg?size=1161x2064&quality=96&sign=caca12efeb7f198305aa388c85314e47&c_uniq_tag=IbfS8H1RfiqKR8i1yS1cTllmJ2HDSBN4KasfZTBc2og&type=album', 'type': 'w', 'width': 1161}, {'height': 604, 'url': 'https://sun9-12.userapi.com/impf/c638724/v638724216/5282a/ek-prNV0W88.jpg?size=340x604&quality=96&sign=8a14f8b7e6c08208dc55b35289dedf98&c_uniq_tag=PDcQ8kRwrtkSI_MgOnHo2pWUvy-5KlhahKWVF_hbPxg&type=album', 'type': 'x', 'width': 340}, {'height': 807, 'url': 'https://sun9-12.userapi.com/impf/c638724/v638724216/5282a/ek-prNV0W88.jpg?size=454x807&quality=96&sign=d12e2f7dd8ec66b5ce292b357714d483&c_uniq_tag=SeYLJuXk5WNfCgQ0Dzv6FY2W6x-YIX4bwpOEhj1RbW4&type=album', 'type': 'y', 'width': 454}, {'height': 1080, 'url': 'https://sun9-12.userapi.com/impf/c638724/v638724216/5282a/ek-prNV0W88.jpg?size=607x1080&quality=96&sign=7ebdf7f414af0ddac311698a1d164413&c_uniq_tag=QteK--7PC18yYnEL-__oyzz2L9P7R7EZuNkECz48e2E&type=album', 'type': 'z', 'width': 607}]","0,451,1160",
-6,1504801168,False,456244639,165642955,9042,"[{'height': 120, 'url': 'https://sun9-86.userapi.com/impf/c836423/v836423581/5d33a/nAcfYFzYoHQ.jpg?size=130x120&quality=96&sign=b87083a52d0f163b68d0843e3391be95&c_uniq_tag=D32L7tpS-7NjXm6W_Tqd9nrzn8oKySTTr4rdBFEX3lY&type=album', 'type': 'm', 'width': 130}, {'height': 120, 'url': 'https://sun9-86.userapi.com/impf/c836423/v836423581/5d33a/nAcfYFzYoHQ.jpg?size=130x120&quality=96&sign=b87083a52d0f163b68d0843e3391be95&c_uniq_tag=D32L7tpS-7NjXm6W_Tqd9nrzn8oKySTTr4rdBFEX3lY&type=album', 'type': 'o', 'width': 130}, {'height': 185, 'url': 'https://sun9-86.userapi.com/impf/c836423/v836423581/5d33a/nAcfYFzYoHQ.jpg?size=200x185&quality=96&sign=e78845acbbf52f32f149a3d3c34a0630&c_uniq_tag=lmqv3Iwq8a9pivI8XI3ofr_qzcswF6BItcOxMyg3RHg&type=album', 'type': 'p', 'width': 200}, {'height': 296, 'url': 'https://sun9-86.userapi.com/impf/c836423/v836423581/5d33a/nAcfYFzYoHQ.jpg?size=320x296&quality=96&sign=d479314d898a0d2a1d5462842ecb2960&c_uniq_tag=2uHh0E0wXOfI9iVqjqoc5G09ubxZaYG7owvTSgix1w0&type=album', 'type': 'q', 'width': 320}, {'height': 471, 'url': 'https://sun9-86.userapi.com/impf/c836423/v836423581/5d33a/nAcfYFzYoHQ.jpg?size=510x471&quality=96&sign=cc8bb5589d44ca01addae7490d004179&c_uniq_tag=UphABt7Zu-TwSViWkI313LvV3F4ASmnIweFqYsHl-a8&type=album', 'type': 'r', 'width': 510}, {'height': 69, 'url': 'https://sun9-86.userapi.com/impf/c836423/v836423581/5d33a/nAcfYFzYoHQ.jpg?size=75x69&quality=96&sign=8d8e8c1c0488a267307c56ad9accc344&c_uniq_tag=_nx8zAdrrXkr8ggb20U3_-iQQjR0qaXecLap_OnFEqs&type=album', 'type': 's', 'width': 75}, {'height': 558, 'url': 'https://sun9-86.userapi.com/impf/c836423/v836423581/5d33a/nAcfYFzYoHQ.jpg?size=604x558&quality=96&sign=ba1e145d359a2fc002d20cc360f28386&c_uniq_tag=CFCcnopwCkK7IhaZD2cYIcjOjeh8AjKeFbf0UZXrAEM&type=album', 'type': 'x', 'width': 604}, {'height': 746, 'url': 'https://sun9-86.userapi.com/impf/c836423/v836423581/5d33a/nAcfYFzYoHQ.jpg?size=807x746&quality=96&sign=33ff1388cd31f18ca44da5733f51250c&c_uniq_tag=4CiL9tqKKmXZ0v1nC8XjEF86WUS3lXPbUATv1gQJvvI&type=album', 'type': 'y', 'width': 807}, {'height': 998, 'url': 'https://sun9-86.userapi.com/impf/c836423/v836423581/5d33a/nAcfYFzYoHQ.jpg?size=1080x998&quality=96&sign=8948be575a31b5196c670506472c137e&c_uniq_tag=b0OCyO1m2KAlv7VfqLhu9Y_AKNt1Q1Q_HzpiDhTAmCQ&type=album', 'type': 'z', 'width': 1080}]","109,19,799",
-6,1505582931,False,456244937,165642955,9067,"[{'height': 97, 'url': 'https://sun9-19.userapi.com/impf/c837126/v837126080/5905f/Yj4YKxagAWM.jpg?size=130x97&quality=96&sign=45e02e843996b3d1cef28b14bba9676e&c_uniq_tag=fVRszcfwv4AWkPJXhg4wtSvXCqN8afk32pqNryE8iwc&type=album', 'type': 'm', 'width': 130}, {'height': 97, 'url': 'https://sun9-19.userapi.com/impf/c837126/v837126080/5905f/Yj4YKxagAWM.jpg?size=130x97&quality=96&sign=45e02e843996b3d1cef28b14bba9676e&c_uniq_tag=fVRszcfwv4AWkPJXhg4wtSvXCqN8afk32pqNryE8iwc&type=album', 'type': 'o', 'width': 130}, {'height': 150, 'url': 'https://sun9-19.userapi.com/impf/c837126/v837126080/5905f/Yj4YKxagAWM.jpg?size=200x150&quality=96&sign=d445641564a254946009aaecbab473f9&c_uniq_tag=0X2SpN5yCB7KfiAdO7w1AqK-jisJd6bTxWyggeLDdyI&type=album', 'type': 'p', 'width': 200}, {'height': 240, 'url': 'https://sun9-19.userapi.com/impf/c837126/v837126080/5905f/Yj4YKxagAWM.jpg?size=320x240&quality=96&sign=b3a47638e3631ff640a5c3cd158d40aa&c_uniq_tag=dVrjbcsJCCIrlbDKK1oR4dfdb7GTAptYso_82xc2ZiA&type=album', 'type': 'q', 'width': 320}, {'height': 382, 'url': 'https://sun9-19.userapi.com/impf/c837126/v837126080/5905f/Yj4YKxagAWM.jpg?size=510x382&quality=96&sign=716c0e8a56b7ba5b9098dc9155cf4457&c_uniq_tag=me7XQpukZlWuCK9NvpvRhzUc7ZX0R7IxJG2T2bUSIWo&type=album', 'type': 'r', 'width': 510}, {'height': 56, 'url': 'https://sun9-19.userapi.com/impf/c837126/v837126080/5905f/Yj4YKxagAWM.jpg?size=75x56&quality=96&sign=a8579dff50406c6089c0df55cf19a16f&c_uniq_tag=9xHbDTDOxcApq7Juz9EyPxs-JuatY2VVT02R6g7hv8A&type=album', 'type': 's', 'width': 75}, {'height': 1560, 'url': 'https://sun9-19.userapi.com/impf/c837126/v837126080/5905f/Yj4YKxagAWM.jpg?size=2080x1560&quality=96&sign=201b89e1d35f0d05ad276aab948f3ab5&c_uniq_tag=_Qf5DLmX7s6z9TcKt2lmXdO8bdmoUlKxpMbJrE0IGZ0&type=album', 'type': 'w', 'width': 2080}, {'height': 453, 'url': 'https://sun9-19.userapi.com/impf/c837126/v837126080/5905f/Yj4YKxagAWM.jpg?size=604x453&quality=96&sign=e63bcbcc86d869ca37944debbcad88e1&c_uniq_tag=_xwtoOw6fxHnd7VgO41E0JXOKPB7pq0JKWB8PgqW9G0&type=album', 'type': 'x', 'width': 604}, {'height': 605, 'url': 'https://sun9-19.userapi.com/impf/c837126/v837126080/5905f/Yj4YKxagAWM.jpg?size=807x605&quality=96&sign=3590799e1369344d0d430400a0b48ccf&c_uniq_tag=lIvghXtYR7RM5-1PehqOBmzJEy2GPnmmcQGDTQcHJxg&type=album', 'type': 'y', 'width': 807}, {'height': 960, 'url': 'https://sun9-19.userapi.com/impf/c837126/v837126080/5905f/Yj4YKxagAWM.jpg?size=1280x960&quality=96&sign=d9799561c53fad0804e8af3d5b2d631f&c_uniq_tag=9GdvC9vjcbPsvOoO1iBp8mecpXvFFr5Aj_menwS4wHI&type=album', 'type': 'z', 'width': 1280}]","260,0,1559",
-6,1519611919,False,456250253,165642955,9236,"[{'height': 73, 'url': 'https://sun9-71.userapi.com/impf/c840435/v840435602/5bb94/1xcEMWBLdqI.jpg?size=130x73&quality=96&sign=65f444c041913ef4c90248f77fe58348&c_uniq_tag=m7QileGh9xcdDSMozZ8uRbfAnuxnV7oXPmT4Spl2UOw&type=album', 'type': 'm', 'width': 130}, {'height': 87, 'url': 'https://sun9-71.userapi.com/impf/c840435/v840435602/5bb94/1xcEMWBLdqI.jpg?size=130x87&quality=96&crop=86,0,907,607&sign=aad854829fa9dcd6664ec0c84366de56&c_uniq_tag=iBQBQqIV_x5xqDG78oHDbdSyp5khfE4j5y55xru0XbE&type=album', 'type': 'o', 'width': 130}, {'height': 133, 'url': 'https://sun9-71.userapi.com/impf/c840435/v840435602/5bb94/1xcEMWBLdqI.jpg?size=200x133&quality=96&crop=83,0,913,607&sign=2903864e5f0a2faaae7542202e034c6f&c_uniq_tag=HSi4zoGjwWSlE4PmNVQVLwrCHssvpo7kofgMZskHJ40&type=album', 'type': 'p', 'width': 200}, {'height': 213, 'url': 'https://sun9-71.userapi.com/impf/c840435/v840435602/5bb94/1xcEMWBLdqI.jpg?size=320x213&quality=96&crop=84,0,912,607&sign=68f242e8a1ef2d7e4a28a9f5dbbfff69&c_uniq_tag=bh92qSxTKOmXCvp9UIeGTtN6BlJaChQh9t1Cx1NoENk&type=album', 'type': 'q', 'width': 320}, {'height': 340, 'url': 'https://sun9-71.userapi.com/impf/c840435/v840435602/5bb94/1xcEMWBLdqI.jpg?size=510x340&quality=96&crop=85,0,910,607&sign=93f3602930dc6a2fc341a48df6254232&c_uniq_tag=nd_YwpNC7wsHkIl1QbZJ5AKBW5Tp3Qiph-xhyuEslfo&type=album', 'type': 'r', 'width': 510}, {'height': 42, 'url': 'https://sun9-71.userapi.com/impf/c840435/v840435602/5bb94/1xcEMWBLdqI.jpg?size=75x42&quality=96&sign=def976b1fbb654379a87bf1e3bc34f3e&c_uniq_tag=skmL-D0w7DvHqdf7HFPTPyhcJb3dTN6Y2VxjfyaZsBs&type=album', 'type': 's', 'width': 75}, {'height': 339, 'url': 'https://sun9-71.userapi.com/impf/c840435/v840435602/5bb94/1xcEMWBLdqI.jpg?size=604x339&quality=96&sign=b11d3d997f979ce0d389dd118788563f&c_uniq_tag=mD5aG_CEoYOAsF00jZmO-zHKeWwmZKvVtAWeSvGOxnM&type=album', 'type': 'x', 'width': 604}, {'height': 454, 'url': 'https://sun9-71.userapi.com/impf/c840435/v840435602/5bb94/1xcEMWBLdqI.jpg?size=807x454&quality=96&sign=92c457d17a5d699b2dc2a223975580bd&c_uniq_tag=GAkgNfdtEjQqWjAIx3RJ3ePx9hEhFQ8J45DpAFYafug&type=album', 'type': 'y', 'width': 807}, {'height': 607, 'url': 'https://sun9-71.userapi.com/impf/c840435/v840435602/5bb94/1xcEMWBLdqI.jpg?size=1080x607&quality=96&sign=af97a75e195aae49af53601f565a9229&c_uniq_tag=dSjVJIC8w1mOFDh8oguRodxmhZYun8ptwULxYmr4pPw&type=album', 'type': 'z', 'width': 1080}]","180,3,600",
-6,1526057030,False,456253194,165642955,9317,"[{'height': 87, 'url': 'https://sun9-41.userapi.com/impf/c845322/v845322434/4f652/L6v3sTayQt4.jpg?size=130x87&quality=96&sign=bb43baa227b225f3cb66cbd0093ead4a&c_uniq_tag=J50qJLRi0P69BXGaKKyjYB6AJV29y2mCRtL1r5qGtSA&type=album', 'type': 'm', 'width': 130}, {'height': 87, 'url': 'https://sun9-41.userapi.com/impf/c845322/v845322434/4f652/L6v3sTayQt4.jpg?size=130x87&quality=96&sign=bb43baa227b225f3cb66cbd0093ead4a&c_uniq_tag=J50qJLRi0P69BXGaKKyjYB6AJV29y2mCRtL1r5qGtSA&type=album', 'type': 'o', 'width': 130}, {'height': 133, 'url': 'https://sun9-41.userapi.com/impf/c845322/v845322434/4f652/L6v3sTayQt4.jpg?size=200x133&quality=96&sign=e8a0d3bf6abb9bdb23b9eed8d13cb310&c_uniq_tag=NCnXkKjG_orRf342AK5FIKnkHFnKE8s10zq6eGnfzLU&type=album', 'type': 'p', 'width': 200}, {'height': 213, 'url': 'https://sun9-41.userapi.com/impf/c845322/v845322434/4f652/L6v3sTayQt4.jpg?size=320x213&quality=96&sign=b51ddb3ff5003ed896e00b060f0198a9&c_uniq_tag=OR4MEmR7fAYf4LNa2l8fiyzhNZhsMvwB1_4N81gnnok&type=album', 'type': 'q', 'width': 320}, {'height': 340, 'url': 'https://sun9-41.userapi.com/impf/c845322/v845322434/4f652/L6v3sTayQt4.jpg?size=510x340&quality=96&sign=f1f201e5aa357bb97169c7733043b773&c_uniq_tag=JfG6-Mt2r1qbDW9duridN6M_EhzudSZoGEDu5lsAT8s&type=album', 'type': 'r', 'width': 510}, {'height': 50, 'url': 'https://sun9-41.userapi.com/impf/c845322/v845322434/4f652/L6v3sTayQt4.jpg?size=75x50&quality=96&sign=470e7a2c3d336ffeec6b6dc3b8a5d4a5&c_uniq_tag=gMSjM6l8s9ikWRWuMl3v0fHbum9vQwgA0zKU1ZR4Oe8&type=album', 'type': 's', 'width': 75}, {'height': 402, 'url': 'https://sun9-41.userapi.com/impf/c845322/v845322434/4f652/L6v3sTayQt4.jpg?size=604x402&quality=96&sign=f1dcb8532af212e453ea7fa1265d339d&c_uniq_tag=jxgBzUQW5_XVzr0KxM8MMAU4B3iJzblWrcWp2AMs5A0&type=album', 'type': 'x', 'width': 604}, {'height': 538, 'url': 'https://sun9-41.userapi.com/impf/c845322/v845322434/4f652/L6v3sTayQt4.jpg?size=807x538&quality=96&sign=afec7d4fa3dc13c13c11f084b2d7913f&c_uniq_tag=nMZzHe1lxGE1l9e8GJO7PciCQdneacPtwOfGP8bW0M4&type=album', 'type': 'y', 'width': 807}, {'height': 853, 'url': 'https://sun9-41.userapi.com/impf/c845322/v845322434/4f652/L6v3sTayQt4.jpg?size=1280x853&quality=96&sign=42e1559ef7b5869c1449bba409aae28f&c_uniq_tag=3809uCFdgURDC4Ax4OPLt1A7kxpxze9PGHb7uhmYOeE&type=album', 'type': 'z', 'width': 1280}]","212,0,851",
-6,1537879195,False,456257146,165642955,9401,"[{'height': 130, 'url': 'https://sun9-87.userapi.com/impf/c850228/v850228301/36281/uEna-gAzOWc.jpg?size=86x130&quality=96&sign=4ac505c07f786d257ec8349d396aea9d&c_uniq_tag=JtZ4K7HFGUOAj-nrSpLDFzq-3vtPzUCaLaEE2EWwDYA&type=album', 'type': 'm', 'width': 86}, {'height': 196, 'url': 'https://sun9-87.userapi.com/impf/c850228/v850228301/36281/uEna-gAzOWc.jpg?size=130x196&quality=96&sign=066ee2766fa16b1ec206fa5fe998fecf&c_uniq_tag=qIdW73CCyxc7msY-ew5CjagCo7NsgkIMj8Qz5YvVxL4&type=album', 'type': 'o', 'width': 130}, {'height': 302, 'url': 'https://sun9-87.userapi.com/impf/c850228/v850228301/36281/uEna-gAzOWc.jpg?size=200x302&quality=96&sign=4d55fb9e8e3048128b73ffe2fbaf2222&c_uniq_tag=b0DGSse3Yq5z8PcFLvBwNUbEbRsmNGi-QuYd0EJ7STo&type=album', 'type': 'p', 'width': 200}, {'height': 483, 'url': 'https://sun9-87.userapi.com/impf/c850228/v850228301/36281/uEna-gAzOWc.jpg?size=320x483&quality=96&sign=16758dd335eaf1b6ad54615488f59b30&c_uniq_tag=KFLSUBfipFwFyzUXVJ4GQAJNyfQbOfP4nNMabmq6XHw&type=album', 'type': 'q', 'width': 320}, {'height': 770, 'url': 'https://sun9-87.userapi.com/impf/c850228/v850228301/36281/uEna-gAzOWc.jpg?size=510x770&quality=96&sign=d8df96ee1510aa451bd9e54b1c64f077&c_uniq_tag=GoBaFsvD6ru34MBQvThquFVqRj8ysxdV9FwJszPWFEc&type=album', 'type': 'r', 'width': 510}, {'height': 75, 'url': 'https://sun9-87.userapi.com/impf/c850228/v850228301/36281/uEna-gAzOWc.jpg?size=50x75&quality=96&sign=9db297e8f9682ed1d0070b4c46371bbe&c_uniq_tag=m-1L6VtfbnRfU5NCSYWKAlJbe4htBszqffI8BbQMdAU&type=album', 'type': 's', 'width': 50}, {'height': 2160, 'url': 'https://sun9-87.userapi.com/impf/c850228/v850228301/36281/uEna-gAzOWc.jpg?size=1431x2160&quality=96&sign=bfab7a1d26f841ca0eacb115fde3ba45&c_uniq_tag=FJd9QZvxs8i7IlRMo3317eVn3WD6PwUAiCCtEo5jdF8&type=album', 'type': 'w', 'width': 1431}, {'height': 604, 'url': 'https://sun9-87.userapi.com/impf/c850228/v850228301/36281/uEna-gAzOWc.jpg?size=400x604&quality=96&sign=7ff4d7a3076815ffe9e6246a494912ec&c_uniq_tag=Db-XR44cYU1J87e0Eai9EKDV14anc7TGMFcqjEvxbCw&type=album', 'type': 'x', 'width': 400}, {'height': 807, 'url': 'https://sun9-87.userapi.com/impf/c850228/v850228301/36281/uEna-gAzOWc.jpg?size=535x807&quality=96&sign=0d2187ae6188c6ff3ac51fa43d820aab&c_uniq_tag=4AXMMKrWif7t3yOfOJuxHqKseX5Fnq27VrTnDD8O5QM&type=album', 'type': 'y', 'width': 535}, {'height': 1080, 'url': 'https://sun9-87.userapi.com/impf/c850228/v850228301/36281/uEna-gAzOWc.jpg?size=715x1080&quality=96&sign=e253e007074084f99ebe828cea09b373&c_uniq_tag=rX6h01SKby-5Q_EisqdocysK5xjWFgpi-gBNly9t1q4&type=album', 'type': 'z', 'width': 715}]","5,359,1426",
-6,1545256741,False,456265588,165642955,9432,"[{'height': 130, 'url': 'https://sun9-14.userapi.com/impf/c846416/v846416521/14ff18/k1uEghz7wkA.jpg?size=86x130&quality=96&sign=8998c9003e83afbd851c1fd2a6448ff8&c_uniq_tag=z-hJDb8ktiBi7cH9sMR_9qMtsrOOGTeDdyrHeq48UR4&type=album', 'type': 'm', 'width': 86}, {'height': 196, 'url': 'https://sun9-14.userapi.com/impf/c846416/v846416521/14ff18/k1uEghz7wkA.jpg?size=130x196&quality=96&sign=3acef7e1a9954776dc4523c1c5942ed3&c_uniq_tag=GlbU6pEDN-xW-YcDk9VLv64ZsTODMQvLJhlnrMAsYQ4&type=album', 'type': 'o', 'width': 130}, {'height': 301, 'url': 'https://sun9-14.userapi.com/impf/c846416/v846416521/14ff18/k1uEghz7wkA.jpg?size=200x301&quality=96&sign=f03c8710ff0cde84bddf17657b83ad17&c_uniq_tag=B2O3BUr2StjMWguyTlGtaPQILCk61jDIPny6Q7mCSCA&type=album', 'type': 'p', 'width': 200}, {'height': 482, 'url': 'https://sun9-14.userapi.com/impf/c846416/v846416521/14ff18/k1uEghz7wkA.jpg?size=320x482&quality=96&sign=de60b3628bbd0894e508faa8112a1f99&c_uniq_tag=nxpmRV4Wxk_BE9teJF3SYYnVFhOLyo6x6Hxt_0REv0c&type=album', 'type': 'q', 'width': 320}, {'height': 768, 'url': 'https://sun9-14.userapi.com/impf/c846416/v846416521/14ff18/k1uEghz7wkA.jpg?size=510x768&quality=96&sign=2d47c59bb5aea2e01fdda69a9981674e&c_uniq_tag=GCeyv30fCLJn-Un_7zNfRto7NP8Clzei5z_8EuME-Ro&type=album', 'type': 'r', 'width': 510}, {'height': 75, 'url': 'https://sun9-14.userapi.com/impf/c846416/v846416521/14ff18/k1uEghz7wkA.jpg?size=50x75&quality=96&sign=12b725329f0452bd119ac7888e125126&c_uniq_tag=HIuO_w5VIcE0eAG_sZhXozROsRnE4sT_On7iGq5QxBE&type=album', 'type': 's', 'width': 50}, {'height': 2160, 'url': 'https://sun9-14.userapi.com/impf/c846416/v846416521/14ff18/k1uEghz7wkA.jpg?size=1435x2160&quality=96&sign=7fb4a3ecba0aeb54c12c9c9445d683e0&c_uniq_tag=6nBjs1hh5g-KgCIC1_av6Yp8emLIWwIG8sz07ZAbmyY&type=album', 'type': 'w', 'width': 1435}, {'height': 604, 'url': 'https://sun9-14.userapi.com/impf/c846416/v846416521/14ff18/k1uEghz7wkA.jpg?size=401x604&quality=96&sign=3c66fca259076df197ca39e86223b50b&c_uniq_tag=1gatR9gahE1nEsrYtIR0e3imIif4eGcTbLd3nRLgNIs&type=album', 'type': 'x', 'width': 401}, {'height': 807, 'url': 'https://sun9-14.userapi.com/impf/c846416/v846416521/14ff18/k1uEghz7wkA.jpg?size=536x807&quality=96&sign=14ddab938fbd124eab2c00e40fef7799&c_uniq_tag=Ky8xCh7a7EuSddIMvE-HAO4FMVlYp0rGYzORhYRsDjw&type=album', 'type': 'y', 'width': 536}, {'height': 1080, 'url': 'https://sun9-14.userapi.com/impf/c846416/v846416521/14ff18/k1uEghz7wkA.jpg?size=717x1080&quality=96&sign=a89521acee64b141ca8e6170dee137e4&c_uniq_tag=Jtnsofh4c3BiiH4GmPgtlJQvDjpSjFDbNPA9B79WzEk&type=album', 'type': 'z', 'width': 717}]","146,987,1030",
-6,1554102631,False,456269570,165642955,9464,"[{'height': 130, 'url': 'https://sun9-50.userapi.com/impf/c854120/v854120885/14ce4/u1P9eXu6TGU.jpg?size=97x130&quality=96&sign=c24ea005eaf72e1ba8f620516bc6491b&c_uniq_tag=Is3gMK0evO58HPrFfjkNVjrWBafjHJE3y4twVj3NDvY&type=album', 'type': 'm', 'width': 97}, {'height': 174, 'url': 'https://sun9-50.userapi.com/impf/c854120/v854120885/14ce4/u1P9eXu6TGU.jpg?size=130x174&quality=96&sign=d1a919c4416bca43939477e6cde64308&c_uniq_tag=evEvh_6q9OV4J_65NX9frKdc38-0t_U1OmC17aFxiYw&type=album', 'type': 'o', 'width': 130}, {'height': 267, 'url': 'https://sun9-50.userapi.com/impf/c854120/v854120885/14ce4/u1P9eXu6TGU.jpg?size=200x267&quality=96&sign=577d2a62d0c2291ce7c3b068673696e1&c_uniq_tag=HFYhglcvXvDwPx4UwC1EdXMqAOC402OhUvysx11WRYQ&type=album', 'type': 'p', 'width': 200}, {'height': 428, 'url': 'https://sun9-50.userapi.com/impf/c854120/v854120885/14ce4/u1P9eXu6TGU.jpg?size=320x428&quality=96&sign=861457a449e946d2671fbcbb9c3b5549&c_uniq_tag=geQ7v38sZBSFwnq-ePSeqrxPsDy7vxV_SR6fmKB50uY&type=album', 'type': 'q', 'width': 320}, {'height': 682, 'url': 'https://sun9-50.userapi.com/impf/c854120/v854120885/14ce4/u1P9eXu6TGU.jpg?size=510x682&quality=96&sign=eb17a0cbeb321980bdb3b5b5bd26f44b&c_uniq_tag=bf_WfVHAjFCLlR_w3n6gpegzxewYT-VnfZc7GPYWOqE&type=album', 'type': 'r', 'width': 510}, {'height': 75, 'url': 'https://sun9-50.userapi.com/impf/c854120/v854120885/14ce4/u1P9eXu6TGU.jpg?size=56x75&quality=96&sign=23f10ff07b432bc526ddcb6289922f41&c_uniq_tag=2f3_8SG4WT_fGQKQMk4-9ay7fTnkatw5mPSYTOoU4K0&type=album', 'type': 's', 'width': 56}, {'height': 604, 'url': 'https://sun9-50.userapi.com/impf/c854120/v854120885/14ce4/u1P9eXu6TGU.jpg?size=452x604&quality=96&sign=75c9f683e9f5b51739df04178346a27d&c_uniq_tag=FUBO2yVT_IlpehXpVmS3fh3n9E8sByIER5YKvHFVkHA&type=album', 'type': 'x', 'width': 452}, {'height': 807, 'url': 'https://sun9-50.userapi.com/impf/c854120/v854120885/14ce4/u1P9eXu6TGU.jpg?size=604x807&quality=96&sign=a95918fb39e3dae590acdb20dca8e834&c_uniq_tag=6gKmh3TR7vb1O_6lNVVzQqfSxv-HHzGmIB20W2kyH5k&type=album', 'type': 'y', 'width': 604}, {'height': 1080, 'url': 'https://sun9-50.userapi.com/impf/c854120/v854120885/14ce4/u1P9eXu6TGU.jpg?size=808x1080&quality=96&sign=7b0e746b75d75536595232eeff69500f&c_uniq_tag=QbUFtXJam5AIDZcmzloX0uwoS5JfeiL6g-p8KViJwB4&type=album', 'type': 'z', 'width': 808}]","48,80,759",
-6,1556042421,False,456270547,165642955,9474,"[{'height': 87, 'url': 'https://sun9-18.userapi.com/impf/c846019/v846019087/1f1f10/IzBg9tkKZgc.jpg?size=130x87&quality=96&sign=ce0def672d73a4328c1944ead0ea6fb1&c_uniq_tag=vxH2FRyxUFCXasT_WD0zwQIje8-RoKnce8cKNbOQUQg&type=album', 'type': 'm', 'width': 130}, {'height': 87, 'url': 'https://sun9-18.userapi.com/impf/c846019/v846019087/1f1f10/IzBg9tkKZgc.jpg?size=130x87&quality=96&sign=ce0def672d73a4328c1944ead0ea6fb1&c_uniq_tag=vxH2FRyxUFCXasT_WD0zwQIje8-RoKnce8cKNbOQUQg&type=album', 'type': 'o', 'width': 130}, {'height': 133, 'url': 'https://sun9-18.userapi.com/impf/c846019/v846019087/1f1f10/IzBg9tkKZgc.jpg?size=200x133&quality=96&sign=993a103ec40364298e99180e2e23aae6&c_uniq_tag=1YTp0sCAjDfYMw-jDdwyl4Qx70Qa8V1X-7HFXFvQpYY&type=album', 'type': 'p', 'width': 200}, {'height': 213, 'url': 'https://sun9-18.userapi.com/impf/c846019/v846019087/1f1f10/IzBg9tkKZgc.jpg?size=320x213&quality=96&sign=c5973fce2e8823df432278f46fb5f942&c_uniq_tag=e5QNw3gBvZZNgO8S5tkdEdQ8gBD6f7l0hPExP8_JWS8&type=album', 'type': 'q', 'width': 320}, {'height': 340, 'url': 'https://sun9-18.userapi.com/impf/c846019/v846019087/1f1f10/IzBg9tkKZgc.jpg?size=510x340&quality=96&sign=460c3374e50ec46ae5f01a5d83a8888d&c_uniq_tag=IZyaxwSxSc8FRyh_IzS-6pxwvETtq8Q-hVrFTksV-ec&type=album', 'type': 'r', 'width': 510}, {'height': 50, 'url': 'https://sun9-18.userapi.com/impf/c846019/v846019087/1f1f10/IzBg9tkKZgc.jpg?size=75x50&quality=96&sign=2526f40e46f88017f46979b586c7609c&c_uniq_tag=fKeWrYuFwebo5G-zHUXjfGUUyA-u5QQUlKpIr-IASV4&type=album', 'type': 's', 'width': 75}, {'height': 1707, 'url': 'https://sun9-18.userapi.com/impf/c846019/v846019087/1f1f10/IzBg9tkKZgc.jpg?size=2560x1707&quality=96&sign=42538864542241f1ee760303524a08f6&c_uniq_tag=O3k73TG6n18bwJgx2dRhKXJuyqFOjy1HYOCMPzFGAy4&type=album', 'type': 'w', 'width': 2560}, {'height': 403, 'url': 'https://sun9-18.userapi.com/impf/c846019/v846019087/1f1f10/IzBg9tkKZgc.jpg?size=604x403&quality=96&sign=fb616d9b1102e805c35eb48e94c54407&c_uniq_tag=f1hVV8DDfY1YjtsIm-t2B-BHxeO8t3Jtak3ViBJz9M0&type=album', 'type': 'x', 'width': 604}, {'height': 538, 'url': 'https://sun9-18.userapi.com/impf/c846019/v846019087/1f1f10/IzBg9tkKZgc.jpg?size=807x538&quality=96&sign=d8efb053c1fdffebf02b5747af9f408e&c_uniq_tag=HTLA6PYg8X-7DfYOrGTa3Wf-zZTpQ7VRyF-jvs-0C2U&type=album', 'type': 'y', 'width': 807}, {'height': 853, 'url': 'https://sun9-18.userapi.com/impf/c846019/v846019087/1f1f10/IzBg9tkKZgc.jpg?size=1280x853&quality=96&sign=500c0ad851d3df3b123fb69339f543b3&c_uniq_tag=PAJxFaqMCHpsVp9_1e0AVPnBVfaKEfrApFzWmTo9J-o&type=album', 'type': 'z', 'width': 1280}]","451,351,1337",
-6,1558543395,False,456271939,165642955,9499,"[{'height': 94, 'url': 'https://sun9-59.userapi.com/impf/c844216/v844216299/209858/n1g_NrhHBos.jpg?size=130x94&quality=96&sign=5491849302d08b4360312da8e30a192f&c_uniq_tag=xRLyDUnEVNdDrdjqd9jsav0XIcHzf76EO5J5gMJKkUc&type=album', 'type': 'm', 'width': 130}, {'height': 94, 'url': 'https://sun9-59.userapi.com/impf/c844216/v844216299/209858/n1g_NrhHBos.jpg?size=130x94&quality=96&sign=5491849302d08b4360312da8e30a192f&c_uniq_tag=xRLyDUnEVNdDrdjqd9jsav0XIcHzf76EO5J5gMJKkUc&type=album', 'type': 'o', 'width': 130}, {'height': 145, 'url': 'https://sun9-59.userapi.com/impf/c844216/v844216299/209858/n1g_NrhHBos.jpg?size=200x145&quality=96&sign=c3ab0101f226eab03a988ac4f28d384d&c_uniq_tag=9D--prDal7yduDdmH2r8NTOVCArR_jK4UzLCwyBB7Vc&type=album', 'type': 'p', 'width': 200}, {'height': 232, 'url': 'https://sun9-59.userapi.com/impf/c844216/v844216299/209858/n1g_NrhHBos.jpg?size=320x232&quality=96&sign=a65b4eaee45fe247d8f83328ec0dd41d&c_uniq_tag=qHdQUmxTDmmsZftV4Ef2SvmTctBkE6PDgCPPmhCeUR8&type=album', 'type': 'q', 'width': 320}, {'height': 370, 'url': 'https://sun9-59.userapi.com/impf/c844216/v844216299/209858/n1g_NrhHBos.jpg?size=510x370&quality=96&sign=2b39397d46b15236a31f2ac1299ac1ab&c_uniq_tag=NIhfQu4InkNA3qUaWUzhG6mF06rsK51-QQ4UQy39bxY&type=album', 'type': 'r', 'width': 510}, {'height': 54, 'url': 'https://sun9-59.userapi.com/impf/c844216/v844216299/209858/n1g_NrhHBos.jpg?size=75x54&quality=96&sign=0a12c4fd3d3a7b333ffc34baef6d1aa4&c_uniq_tag=KEX3NUJhPzeZH2kAVIXDJDllNuE9NpEBCuIOv7D7KeQ&type=album', 'type': 's', 'width': 75}, {'height': 1856, 'url': 'https://sun9-59.userapi.com/impf/c844216/v844216299/209858/n1g_NrhHBos.jpg?size=2560x1856&quality=96&sign=082efcf002134548664ba4d7f5b30d7b&c_uniq_tag=-EeRz3TSNnwBweoH2IB8SmbOzoR9yr5LW4qpwtz8tn4&type=album', 'type': 'w', 'width': 2560}, {'height': 438, 'url': 'https://sun9-59.userapi.com/impf/c844216/v844216299/209858/n1g_NrhHBos.jpg?size=604x438&quality=96&sign=0e6a32d8f2945e02b0a21910db8a5fbc&c_uniq_tag=xBbarGRPQDzoWPkQ0PMl1_z4eeElfiAXnVclCL6mL04&type=album', 'type': 'x', 'width': 604}, {'height': 585, 'url': 'https://sun9-59.userapi.com/impf/c844216/v844216299/209858/n1g_NrhHBos.jpg?size=807x585&quality=96&sign=12d1bd3c7fad7df7babba18fa9d02f96&c_uniq_tag=wBbKoOtftGUpTtfkP-6nTgn_LoUwD51RigFw2MgSNOA&type=album', 'type': 'y', 'width': 807}, {'height': 928, 'url': 'https://sun9-59.userapi.com/impf/c844216/v844216299/209858/n1g_NrhHBos.jpg?size=1280x928&quality=96&sign=5dd0a0e0b048af6dd1681f5d50de5714&c_uniq_tag=DxxFezxW_SEmaWrUU-adIUr9ro95QcudHfDD0K2P87E&type=album', 'type': 'z', 'width': 1280}]","483,0,1848",
-6,1564665993,False,457274715,165642955,9511,"[{'height': 80, 'url': 'https://sun9-7.userapi.com/impf/c853628/v853628194/abe48/8NIZ3CeHe2c.jpg?size=130x80&quality=96&sign=dea55302319b8cbad66af9d84fa09a88&c_uniq_tag=DUGDZ4Ml2aLWghCcNzK4lQ3WWXLof8bMn2hKBjKxvgE&type=album', 'type': 'm', 'width': 130}, {'height': 87, 'url': 'https://sun9-7.userapi.com/impf/c853628/v853628194/abe48/8NIZ3CeHe2c.jpg?size=130x87&quality=96&crop=46,0,988,661&sign=f2b329e17a0b72c20d7e22d43284551f&c_uniq_tag=yS0KLN30rczJbJkgen18inNa5vmatfbdvf9rr47W9mY&type=album', 'type': 'o', 'width': 130}, {'height': 133, 'url': 'https://sun9-7.userapi.com/impf/c853628/v853628194/abe48/8NIZ3CeHe2c.jpg?size=200x133&quality=96&crop=43,0,994,661&sign=ad23b8c8fc1b76d92ee28866f4861c39&c_uniq_tag=uF_wRgAMV5xfM5XKseEGTLLNzjU5KftVZ2CSmYufTZE&type=album', 'type': 'p', 'width': 200}, {'height': 213, 'url': 'https://sun9-7.userapi.com/impf/c853628/v853628194/abe48/8NIZ3CeHe2c.jpg?size=320x213&quality=96&crop=43,0,993,661&sign=e8913f9838a9cd39bc8bc922e55ff71b&c_uniq_tag=KXmxffwXpzQWJGEzZAz8boOozEsv7wRSD_iHbmB2OKo&type=album', 'type': 'q', 'width': 320}, {'height': 340, 'url': 'https://sun9-7.userapi.com/impf/c853628/v853628194/abe48/8NIZ3CeHe2c.jpg?size=510x340&quality=96&crop=44,0,991,661&sign=0be892404f01f1feb07d87d52c70a9d7&c_uniq_tag=AHVC7d_P_gmGlSdszH7wRl9JvadTXUDQjG6w2ChaXhU&type=album', 'type': 'r', 'width': 510}, {'height': 46, 'url': 'https://sun9-7.userapi.com/impf/c853628/v853628194/abe48/8NIZ3CeHe2c.jpg?size=75x46&quality=96&sign=88c1847fb974e1d6289e9e683d9e12ba&c_uniq_tag=TmTLbuK5PS36s8JZ-eUdWylZcwtbteLGbRDnwMx-8lM&type=album', 'type': 's', 'width': 75}, {'height': 370, 'url': 'https://sun9-7.userapi.com/impf/c853628/v853628194/abe48/8NIZ3CeHe2c.jpg?size=604x370&quality=96&sign=32306dbdb04db2a9f8ff6c5628d0001d&c_uniq_tag=IR_VlYg70rpeyXQN6AhrCI5UnqmiSqk-TuiAqE_ywo0&type=album', 'type': 'x', 'width': 604}, {'height': 494, 'url': 'https://sun9-7.userapi.com/impf/c853628/v853628194/abe48/8NIZ3CeHe2c.jpg?size=807x494&quality=96&sign=e7aba8237f57fc1f57e8321f2d6e1a3a&c_uniq_tag=ZRBQ4fEehGQHv7tk-jxtxvBoyFvn_nCYDVP1DeJdxC8&type=album', 'type': 'y', 'width': 807}, {'height': 661, 'url': 'https://sun9-7.userapi.com/impf/c853628/v853628194/abe48/8NIZ3CeHe2c.jpg?size=1080x661&quality=96&sign=f7da9f222d3baf6f3516c6a377a8b045&c_uniq_tag=1DzgTneSVqS4LwfIbbaLB0kOMGfjPorz6fp9J1cujDw&type=album', 'type': 'z', 'width': 1080}]","259,201,460",
-6,1568018835,False,457276875,165642955,9524,"[{'height': 130, 'url': 'https://sun9-58.userapi.com/impf/c851128/v851128826/1b0cff/EhWPAM6eEkw.jpg?size=97x130&quality=96&sign=3fd6d48b21351aea42cf4aa9a3badd32&c_uniq_tag=lZD2KFI11zObIkzNODmPcu6O6LAhQ8c4UyAR4XclTe8&type=album', 'type': 'm', 'width': 97}, {'height': 173, 'url': 'https://sun9-58.userapi.com/impf/c851128/v851128826/1b0cff/EhWPAM6eEkw.jpg?size=130x173&quality=96&sign=7bdeea5ae950912ba9becde7917e5425&c_uniq_tag=JuX0pUE6eanxyqpofd9vIeECXVIL0qBVyxZfKQ-owVY&type=album', 'type': 'o', 'width': 130}, {'height': 267, 'url': 'https://sun9-58.userapi.com/impf/c851128/v851128826/1b0cff/EhWPAM6eEkw.jpg?size=200x267&quality=96&sign=7a2edcdf1c389f051440b6e6c24136d4&c_uniq_tag=KdyS0N6vrTpb6D_0blK7Hq_NbMlMLRykxv6A_EULdkM&type=album', 'type': 'p', 'width': 200}, {'height': 427, 'url': 'https://sun9-58.userapi.com/impf/c851128/v851128826/1b0cff/EhWPAM6eEkw.jpg?size=320x427&quality=96&sign=e1a32a51e8766b48f85cc31357eafe01&c_uniq_tag=20cb1zF0ENS189SesvNvceUvrCkyCDqmAKU8T7M1VgM&type=album', 'type': 'q', 'width': 320}, {'height': 680, 'url': 'https://sun9-58.userapi.com/impf/c851128/v851128826/1b0cff/EhWPAM6eEkw.jpg?size=510x680&quality=96&sign=b5ad8054ca8f5c4d6b8dec55e8b27aa5&c_uniq_tag=xjmP_Ex8KOoUvB2e3qlSw_03cB1-joMKy-XvquTfUy4&type=album', 'type': 'r', 'width': 510}, {'height': 75, 'url': 'https://sun9-58.userapi.com/impf/c851128/v851128826/1b0cff/EhWPAM6eEkw.jpg?size=56x75&quality=96&sign=cb2accb867bd7ede412c744d5da074c3&c_uniq_tag=gTzUm3cHx8R-qosm7bnc4IRyP5GSjI46S8KStzAu6pw&type=album', 'type': 's', 'width': 56}, {'height': 2160, 'url': 'https://sun9-58.userapi.com/impf/c851128/v851128826/1b0cff/EhWPAM6eEkw.jpg?size=1620x2160&quality=96&sign=60ac71e39baa9f7bd26439e655420535&c_uniq_tag=BeFuhGAaWAZQD5quxpOWh8AkOMNxyHKszHpYfHnyBvk&type=album', 'type': 'w', 'width': 1620}, {'height': 604, 'url': 'https://sun9-58.userapi.com/impf/c851128/v851128826/1b0cff/EhWPAM6eEkw.jpg?size=453x604&quality=96&sign=bce101a3f8336049462b729376da59bb&c_uniq_tag=l4zB3gbqpA3YtRZiViwEpe0lo7ni0ts2nwNZRGBPyVI&type=album', 'type': 'x', 'width': 453}, {'height': 807, 'url': 'https://sun9-58.userapi.com/impf/c851128/v851128826/1b0cff/EhWPAM6eEkw.jpg?size=605x807&quality=96&sign=6b2554902db2d3c7385a86bf62473173&c_uniq_tag=wGFRz9zN_-DTrcnV-DZCILCAZT-1cScWk26N1Dr2_Sg&type=album', 'type': 'y', 'width': 605}, {'height': 1080, 'url': 'https://sun9-58.userapi.com/impf/c851128/v851128826/1b0cff/EhWPAM6eEkw.jpg?size=810x1080&quality=96&sign=7ab912bc29958d0f55156392e5d614da&c_uniq_tag=D10TAyZMt4MH0DiOEkdDL2TojAQrWFh-ys6R247zdyQ&type=album', 'type': 'z', 'width': 810}]","335,789,1004",
-6,1580339266,False,457280122,165642955,9539,"[{'height': 87, 'url': 'https://sun9-41.userapi.com/impg/c855224/v855224775/1d7a52/8aD8lMSuYII.jpg?size=130x87&quality=96&sign=e3293db28ab31b6f6412af6a71b49276&c_uniq_tag=LnEuY6JZlNQDvviD-9C4nwqcjsqG7lids0tItB56ibs&type=album', 'type': 'm', 'width': 130}, {'height': 87, 'url': 'https://sun9-41.userapi.com/impg/c855224/v855224775/1d7a52/8aD8lMSuYII.jpg?size=130x87&quality=96&sign=e3293db28ab31b6f6412af6a71b49276&c_uniq_tag=LnEuY6JZlNQDvviD-9C4nwqcjsqG7lids0tItB56ibs&type=album', 'type': 'o', 'width': 130}, {'height': 133, 'url': 'https://sun9-41.userapi.com/impg/c855224/v855224775/1d7a52/8aD8lMSuYII.jpg?size=200x133&quality=96&sign=e7503c4268d9ceaf97507956740f99c4&c_uniq_tag=x7BUGACPti57jfG75Idb40kHB3XHQ7N0V5tKaX83mEk&type=album', 'type': 'p', 'width': 200}, {'height': 213, 'url': 'https://sun9-41.userapi.com/impg/c855224/v855224775/1d7a52/8aD8lMSuYII.jpg?size=320x213&quality=96&sign=a9cd8074f0ea34541275ac709cc591d2&c_uniq_tag=37xmzH0Mbdqa1jnCiPWH0ahEzFiam2DddhUpXDkeB5I&type=album', 'type': 'q', 'width': 320}, {'height': 340, 'url': 'https://sun9-41.userapi.com/impg/c855224/v855224775/1d7a52/8aD8lMSuYII.jpg?size=510x340&quality=96&sign=b18aeccfbe3feffdde45fa037356addd&c_uniq_tag=rpKFAJbL9PYSEpRg_B06wahOhWFZmbAgmQQh3xTRuO4&type=album', 'type': 'r', 'width': 510}, {'height': 50, 'url': 'https://sun9-41.userapi.com/impg/c855224/v855224775/1d7a52/8aD8lMSuYII.jpg?size=75x50&quality=96&sign=55aefe26e5bffdc2c658c6e163e62849&c_uniq_tag=yDYHpx6M-NHZ8H3ZlL-vIon7zTpneYr-tdqGEGg_Umo&type=album', 'type': 's', 'width': 75}, {'height': 1707, 'url': 'https://sun9-41.userapi.com/impg/c855224/v855224775/1d7a52/8aD8lMSuYII.jpg?size=2560x1707&quality=96&sign=67ca6a6788328be2525cfc04e623ada7&c_uniq_tag=pBjdDrGMugYv7MkMWb7KB78pan296c-q_Ody_qWmKaA&type=album', 'type': 'w', 'width': 2560}, {'height': 403, 'url': 'https://sun9-41.userapi.com/impg/c855224/v855224775/1d7a52/8aD8lMSuYII.jpg?size=604x403&quality=96&sign=7ef1e5a0c3693a1ef8261cd7f2d7df75&c_uniq_tag=QjfzscI_8Zor7L2H6EQsZ-i2kowPS4GwyHgSJH6wYZA&type=album', 'type': 'x', 'width': 604}, {'height': 538, 'url': 'https://sun9-41.userapi.com/impg/c855224/v855224775/1d7a52/8aD8lMSuYII.jpg?size=807x538&quality=96&sign=a29f862d121b59cfe2d62146c7b6f33c&c_uniq_tag=UBMwU0E4p6I8KuXnhMPBYYL5q8EbC74qoeHER6P4UTY&type=album', 'type': 'y', 'width': 807}, {'height': 853, 'url': 'https://sun9-41.userapi.com/impg/c855224/v855224775/1d7a52/8aD8lMSuYII.jpg?size=1280x853&quality=96&sign=a8599f05a039d05c13de65170cf2d257&c_uniq_tag=7jTEOv5LXMuOjmQ9XHAZ67-6rQlLYVItVW329nUmOT0&type=album', 'type': 'z', 'width': 1280}]","428,1,1703",
-6,1589190781,False,457283050,165642955,9553,"[{'height': 130, 'url': 'https://sun9-11.userapi.com/impg/zqr29CACSrR_mPnZ2-BUoTiwebBebeRmokLwQg/tO4ibQI3slQ.jpg?size=97x130&quality=96&sign=289cd6c9d4dd9244ed3c76a28333992e&c_uniq_tag=VmTYPP0zbyFw0uKZNM72WjxOi8VszdBWsOy_xwXF8P8&type=album', 'type': 'm', 'width': 97}, {'height': 174, 'url': 'https://sun9-11.userapi.com/impg/zqr29CACSrR_mPnZ2-BUoTiwebBebeRmokLwQg/tO4ibQI3slQ.jpg?size=130x174&quality=96&sign=c9b0d9ea7dda774f6cfb59646c310c86&c_uniq_tag=Lz9_PmcPaTzc_394aa39a_ATGZVSGWov9hvz8i-VEtw&type=album', 'type': 'o', 'width': 130}, {'height': 267, 'url': 'https://sun9-11.userapi.com/impg/zqr29CACSrR_mPnZ2-BUoTiwebBebeRmokLwQg/tO4ibQI3slQ.jpg?size=200x267&quality=96&sign=b4576805975c0f63afb9f4f568242420&c_uniq_tag=jOgEc4WiC40bENDSdd41givOflwfeuW2Fnd8I_Mm4wM&type=album', 'type': 'p', 'width': 200}, {'height': 427, 'url': 'https://sun9-11.userapi.com/impg/zqr29CACSrR_mPnZ2-BUoTiwebBebeRmokLwQg/tO4ibQI3slQ.jpg?size=320x427&quality=96&sign=b474c54653307288d4151989edd3ff2d&c_uniq_tag=KXB1c7YB7YkM34-hk3zM12GHc6nYETMAoYLhfmX2yU0&type=album', 'type': 'q', 'width': 320}, {'height': 681, 'url': 'https://sun9-11.userapi.com/impg/zqr29CACSrR_mPnZ2-BUoTiwebBebeRmokLwQg/tO4ibQI3slQ.jpg?size=510x681&quality=96&sign=902b870079eebe7c420438cfe1abd208&c_uniq_tag=VCTQ0iBEKQ3BzjfhqhqVzZhGSZeD0_lKJK-wdaYzqCQ&type=album', 'type': 'r', 'width': 510}, {'height': 75, 'url': 'https://sun9-11.userapi.com/impg/zqr29CACSrR_mPnZ2-BUoTiwebBebeRmokLwQg/tO4ibQI3slQ.jpg?size=56x75&quality=96&sign=ae052ae4ab75bd68934038852f0b67d8&c_uniq_tag=hT53tOei4kzJcNMM48ERONz0xvyr8jffxkwfvCDqgzI&type=album', 'type': 's', 'width': 56}, {'height': 2160, 'url': 'https://sun9-11.userapi.com/impg/zqr29CACSrR_mPnZ2-BUoTiwebBebeRmokLwQg/tO4ibQI3slQ.jpg?size=1617x2160&quality=96&sign=8e1ab3e58f43a41914147488bc024c04&c_uniq_tag=RULRcgSDDebAXIyD6sitHfhWAB4sBOvW6ARxf3dPxmQ&type=album', 'type': 'w', 'width': 1617}, {'height': 604, 'url': 'https://sun9-11.userapi.com/impg/zqr29CACSrR_mPnZ2-BUoTiwebBebeRmokLwQg/tO4ibQI3slQ.jpg?size=452x604&quality=96&sign=5447c3d98f2965450eea4fd5caf63b50&c_uniq_tag=Ck2fcAo8qRDwwyOMJ1Th8YNiOdh2EjctqLRyGfhdfug&type=album', 'type': 'x', 'width': 452}, {'height': 807, 'url': 'https://sun9-11.userapi.com/impg/zqr29CACSrR_mPnZ2-BUoTiwebBebeRmokLwQg/tO4ibQI3slQ.jpg?size=604x807&quality=96&sign=050fdf2fbd9e2a26d4068923dda72e7e&c_uniq_tag=C3pxyOJhZfwHJudHOLhJj9paMkpaOtbCtsfpu-Nxivk&type=album', 'type': 'y', 'width': 604}, {'height': 1080, 'url': 'https://sun9-11.userapi.com/impg/zqr29CACSrR_mPnZ2-BUoTiwebBebeRmokLwQg/tO4ibQI3slQ.jpg?size=808x1080&quality=96&sign=9fbc6fb25fde26ebde867b47f9a2ff7c&c_uniq_tag=JwiSAFyl_6jjx2pPTu7XmddG2hKoRe8HNdBRJRi0BD0&type=album', 'type': 'z', 'width': 808}]","266,218,1092",
-6,1594717154,False,457285530,165642955,9555,"[{'height': 130, 'url': 'https://sun9-14.userapi.com/impg/SW7Yhq017iyiaZZumZ_2myGilGKRQ0AaPyz1YA/SObu42N1RQ0.jpg?size=93x130&quality=96&sign=702e6f296ada8be3ba8f8dfd680ba973&c_uniq_tag=u7MNBsrLCrfXXd7xec-LILVpWPEv6Qx-cCTWTVNMa10&type=album', 'type': 'm', 'width': 93}, {'height': 182, 'url': 'https://sun9-14.userapi.com/impg/SW7Yhq017iyiaZZumZ_2myGilGKRQ0AaPyz1YA/SObu42N1RQ0.jpg?size=130x182&quality=96&sign=9dddfcd0b9ed87d665e9e3f8768b14b8&c_uniq_tag=MsiIPxgq_RxrE11l3XNai22vsgOgXBYTuAvLQztSxYk&type=album', 'type': 'o', 'width': 130}, {'height': 279, 'url': 'https://sun9-14.userapi.com/impg/SW7Yhq017iyiaZZumZ_2myGilGKRQ0AaPyz1YA/SObu42N1RQ0.jpg?size=200x279&quality=96&sign=847a9e42799c0a5d1698855288730022&c_uniq_tag=RfrYDQ4P-lzieF53z2bpEUrslDEE5R1AlqXbc4pWd6Q&type=album', 'type': 'p', 'width': 200}, {'height': 447, 'url': 'https://sun9-14.userapi.com/impg/SW7Yhq017iyiaZZumZ_2myGilGKRQ0AaPyz1YA/SObu42N1RQ0.jpg?size=320x447&quality=96&sign=b0e185f6686bd7b7f6e22242a4ddd838&c_uniq_tag=rw7tpBkl2NVvJeEB5Ib_SN7DbaU3FEbS8WAqobmwaS0&type=album', 'type': 'q', 'width': 320}, {'height': 713, 'url': 'https://sun9-14.userapi.com/impg/SW7Yhq017iyiaZZumZ_2myGilGKRQ0AaPyz1YA/SObu42N1RQ0.jpg?size=510x713&quality=96&sign=f4238c4ef1768ed70dc83f2dab18a3f2&c_uniq_tag=1rIGnXEHI23e7pFCkHJn4l1pHz6dmSt0lNn-Hl_z3pU&type=album', 'type': 'r', 'width': 510}, {'height': 75, 'url': 'https://sun9-14.userapi.com/impg/SW7Yhq017iyiaZZumZ_2myGilGKRQ0AaPyz1YA/SObu42N1RQ0.jpg?size=54x75&quality=96&sign=bcdc25cbcfff611e0a9e6472a4a670af&c_uniq_tag=nfEzE1p-1kOUET2QAvOw1wYEg-lKAmLxvZsjIZzBWK8&type=album', 'type': 's', 'width': 54}, {'height': 2160, 'url': 'https://sun9-14.userapi.com/impg/SW7Yhq017iyiaZZumZ_2myGilGKRQ0AaPyz1YA/SObu42N1RQ0.jpg?size=1546x2160&quality=96&sign=e27525b0867fe87113a48da041f0cf3d&c_uniq_tag=Q5nYEynn_2y0NP-IamlTHvzzMsCFWvxBuaKlvrO3BOA&type=album', 'type': 'w', 'width': 1546}, {'height': 604, 'url': 'https://sun9-14.userapi.com/impg/SW7Yhq017iyiaZZumZ_2myGilGKRQ0AaPyz1YA/SObu42N1RQ0.jpg?size=432x604&quality=96&sign=83735a0aae8979b39233f5fe55a69f3b&c_uniq_tag=IhYbfGD1q5rYC73sZ_a_E8K5iyFvz92-7GYiCGNts7U&type=album', 'type': 'x', 'width': 432}, {'height': 807, 'url': 'https://sun9-14.userapi.com/impg/SW7Yhq017iyiaZZumZ_2myGilGKRQ0AaPyz1YA/SObu42N1RQ0.jpg?size=578x807&quality=96&sign=aad4c34e184136dcf78bcf75415a76c7&c_uniq_tag=kQg_IHBMyolPlh8Nfpuj4jzdkkrN134SmKTXq7Ve2yE&type=album', 'type': 'y', 'width': 578}, {'height': 1080, 'url': 'https://sun9-14.userapi.com/impg/SW7Yhq017iyiaZZumZ_2myGilGKRQ0AaPyz1YA/SObu42N1RQ0.jpg?size=773x1080&quality=96&sign=6de51b9c97fe102384ada034f51ec97d&c_uniq_tag=pAhiSAHacK64dk9cl1BCJ88eCZJbr0XJgyOhlhq8jFQ&type=album', 'type': 'z', 'width': 773}]","262,139,1245",
-6,1621889748,False,457293425,165642955,9567,"[{'height': 130, 'url': 'https://sun9-27.userapi.com/impg/hlewRKsGvmxa2LIU9QcRP9afzNjb43Vrpb4wQg/lXj6PjSry38.jpg?size=130x130&quality=96&sign=bcbb8c3d9f7bcbd6aa205f8556437101&c_uniq_tag=x4HdmCEwvfZQ7eAg5aR40QSFrD25z0Az-Wh_HyuXmKc&type=album', 'type': 'm', 'width': 130}, {'height': 130, 'url': 'https://sun9-27.userapi.com/impg/hlewRKsGvmxa2LIU9QcRP9afzNjb43Vrpb4wQg/lXj6PjSry38.jpg?size=130x130&quality=96&sign=bcbb8c3d9f7bcbd6aa205f8556437101&c_uniq_tag=x4HdmCEwvfZQ7eAg5aR40QSFrD25z0Az-Wh_HyuXmKc&type=album', 'type': 'o', 'width': 130}, {'height': 200, 'url': 'https://sun9-27.userapi.com/impg/hlewRKsGvmxa2LIU9QcRP9afzNjb43Vrpb4wQg/lXj6PjSry38.jpg?size=200x200&quality=96&sign=5c888df8a0169a998c4713dc2d38fcae&c_uniq_tag=_xWHPRL0pLJ7oBV8F66ZJbGMww6__Ex5XesZCptcFns&type=album', 'type': 'p', 'width': 200}, {'height': 320, 'url': 'https://sun9-27.userapi.com/impg/hlewRKsGvmxa2LIU9QcRP9afzNjb43Vrpb4wQg/lXj6PjSry38.jpg?size=320x320&quality=96&sign=38a42681917f9b73bebbed1e248dc9ce&c_uniq_tag=dp-RSWRXhpaM7Ucra2Z-xRils5GSLicHZcTXVDwadKA&type=album', 'type': 'q', 'width': 320}, {'height': 510, 'url': 'https://sun9-27.userapi.com/impg/hlewRKsGvmxa2LIU9QcRP9afzNjb43Vrpb4wQg/lXj6PjSry38.jpg?size=510x510&quality=96&sign=e575df6c8566e5682d96daad4afb043f&c_uniq_tag=spLkPm-eIzgzDSlJibVi7JPzOxxL9NeJjmuYeVDxA4Q&type=album', 'type': 'r', 'width': 510}, {'height': 75, 'url': 'https://sun9-27.userapi.com/impg/hlewRKsGvmxa2LIU9QcRP9afzNjb43Vrpb4wQg/lXj6PjSry38.jpg?size=75x75&quality=96&sign=efb1a7de00fd0ccbd97c163cab445a28&c_uniq_tag=ozaQYncMYnp8KBDwHtbwYpXr_xtvCzJTeTCmNaCwuJY&type=album', 'type': 's', 'width': 75}, {'height': 2160, 'url': 'https://sun9-27.userapi.com/impg/hlewRKsGvmxa2LIU9QcRP9afzNjb43Vrpb4wQg/lXj6PjSry38.jpg?size=2160x2160&quality=96&sign=9bac43ac56008597e5a5cf659c42d4a5&c_uniq_tag=kTC-ozkUgZhCTF4cnPQtJgC-G1g9eJUZkv6FANAhuaA&type=album', 'type': 'w', 'width': 2160}, {'height': 604, 'url': 'https://sun9-27.userapi.com/impg/hlewRKsGvmxa2LIU9QcRP9afzNjb43Vrpb4wQg/lXj6PjSry38.jpg?size=604x604&quality=96&sign=4ce640685efb6912e53f96efbb568f7e&c_uniq_tag=oeqMkLvBwvWJnLBYKdtHXRTkjPf3D0fH9Ygo585YVFc&type=album', 'type': 'x', 'width': 604}, {'height': 807, 'url': 'https://sun9-27.userapi.com/impg/hlewRKsGvmxa2LIU9QcRP9afzNjb43Vrpb4wQg/lXj6PjSry38.jpg?size=807x807&quality=96&sign=a5e5af7b1a9e4b73d02b0ed4a7fd90f1&c_uniq_tag=8EMKApgt6OvsV-XDlg_qZ5sMJVzJvKAb1tWEwBl8KKs&type=album', 'type': 'y', 'width': 807}, {'height': 1280, 'url': 'https://sun9-27.userapi.com/impg/hlewRKsGvmxa2LIU9QcRP9afzNjb43Vrpb4wQg/lXj6PjSry38.jpg?size=1280x1280&quality=96&sign=4ae14963c83ab2373563b9d8f92404f6&c_uniq_tag=QBAWtcJKgoToZupVh5Hs2nKZkTtvc9HUWEmzQysOVHo&type=album', 'type': 'z', 'width': 1280}]","754,389,1075",
-6,1638657969,False,457297741,165642955,9572,"[{'height': 75, 'url': 'https://sun9-43.userapi.com/impg/1ebBCJ9G_m5YRjn1JT5ztbFyUyB9VtZ4IODdgQ/UbVG3aTlVnY.jpg?size=46x75&quality=95&sign=4b192b3671ee38a8fc366f02236492d2&c_uniq_tag=9K4i02K1EKit86qAleyN91o_AtH9tny9JbIGbJe6NkA&type=album', 'type': 's', 'width': 46}, {'height': 130, 'url': 'https://sun9-43.userapi.com/impg/1ebBCJ9G_m5YRjn1JT5ztbFyUyB9VtZ4IODdgQ/UbVG3aTlVnY.jpg?size=80x130&quality=95&sign=f39ff915ccaf03827a80c8c527b312dd&c_uniq_tag=53M1rzPlggTSvtncq5cfmzMbLnfYc5PtsznTCi8L1nQ&type=album', 'type': 'm', 'width': 80}, {'height': 604, 'url': 'https://sun9-43.userapi.com/impg/1ebBCJ9G_m5YRjn1JT5ztbFyUyB9VtZ4IODdgQ/UbVG3aTlVnY.jpg?size=370x604&quality=95&sign=8504bbd3296a7c7d30bf6013ea5356e6&c_uniq_tag=tft4nEB24doFLUMw5wAG7gWOXRXt6JfkH3__925XM74&type=album', 'type': 'x', 'width': 370}, {'height': 807, 'url': 'https://sun9-43.userapi.com/impg/1ebBCJ9G_m5YRjn1JT5ztbFyUyB9VtZ4IODdgQ/UbVG3aTlVnY.jpg?size=495x807&quality=95&sign=b63fb51cb0085b5c38551b0498d98880&c_uniq_tag=CV3QqC6GZVF3qJuhlpY_C0hOaBklc52KgSs96HnpLNk&type=album', 'type': 'y', 'width': 495}, {'height': 1080, 'url': 'https://sun9-43.userapi.com/impg/1ebBCJ9G_m5YRjn1JT5ztbFyUyB9VtZ4IODdgQ/UbVG3aTlVnY.jpg?size=662x1080&quality=95&sign=e30a4628ac2ff3f94934fb3db1d17040&c_uniq_tag=_KHUT7nDO8AMPA7-_dSLhbq1lCkk2JrM7fRzBSfmG30&type=album', 'type': 'z', 'width': 662}, {'height': 212, 'url': 'https://sun9-43.userapi.com/impg/1ebBCJ9G_m5YRjn1JT5ztbFyUyB9VtZ4IODdgQ/UbVG3aTlVnY.jpg?size=130x212&quality=95&sign=ec2a252ed33c52b1ce47a576e69ad5fc&c_uniq_tag=WVfw4xRrXc0agFmz8S45kyHpakVc4WN_NS5d3FHYSwo&type=album', 'type': 'o', 'width': 130}, {'height': 326, 'url': 'https://sun9-43.userapi.com/impg/1ebBCJ9G_m5YRjn1JT5ztbFyUyB9VtZ4IODdgQ/UbVG3aTlVnY.jpg?size=200x326&quality=95&sign=8d04a831a0cb0b3ea0b463bdcc1c5365&c_uniq_tag=P3sGGUOXH8NzCXDD7Tx0J_rmzrm7RF3PrN4yQDpCq3E&type=album', 'type': 'p', 'width': 200}, {'height': 522, 'url': 'https://sun9-43.userapi.com/impg/1ebBCJ9G_m5YRjn1JT5ztbFyUyB9VtZ4IODdgQ/UbVG3aTlVnY.jpg?size=320x522&quality=95&sign=99b7f85c963981da0196f2080edd60bf&c_uniq_tag=Ru2Eb6veCLADmKUO8q9Up23TOzpaH6-SdmdOd-eCHY0&type=album', 'type': 'q', 'width': 320}, {'height': 832, 'url': 'https://sun9-43.userapi.com/impg/1ebBCJ9G_m5YRjn1JT5ztbFyUyB9VtZ4IODdgQ/UbVG3aTlVnY.jpg?size=510x832&quality=95&sign=9e0a79e6eb549b9f6e1170703faf361b&c_uniq_tag=C44L_VbUbqKgSvo5GeSOrXAJbxucLTeypzLGFx6jBVQ&type=album', 'type': 'r', 'width': 510}]","310,277,248",
-6,1658489229,False,457301676,165642955,9594,"[{'height': 75, 'url': 'https://sun9-52.userapi.com/impg/Au_VN2TPUJVf3YIxRer9SK3Hq0khq5HMHMHuIg/CbJl2cdgQYc.jpg?size=50x75&quality=95&sign=8d39fe29f1429b3c6ba2c8e6c7a5aada&c_uniq_tag=XkYYBcAgHasy2_zrejdygeSN9FXj2P6m7X-wqoHHLQk&type=album', 'type': 's', 'width': 50}, {'height': 130, 'url': 'https://sun9-52.userapi.com/impg/Au_VN2TPUJVf3YIxRer9SK3Hq0khq5HMHMHuIg/CbJl2cdgQYc.jpg?size=86x130&quality=95&sign=1d5ed004bda4cb8d0eb30094e13e5dcd&c_uniq_tag=oGqSfgcSAJw4YTxEtXMxwNMI6HfqaKDxBAQU6Z3rFRw&type=album', 'type': 'm', 'width': 86}, {'height': 604, 'url': 'https://sun9-52.userapi.com/impg/Au_VN2TPUJVf3YIxRer9SK3Hq0khq5HMHMHuIg/CbJl2cdgQYc.jpg?size=400x604&quality=95&sign=f2dd0df57b9f59c910acd0e000c34a9a&c_uniq_tag=J4bVIlctlIahH2j_Ck4TjYpJSZL3PScUADzPIenk7qk&type=album', 'type': 'x', 'width': 400}, {'height': 807, 'url': 'https://sun9-52.userapi.com/impg/Au_VN2TPUJVf3YIxRer9SK3Hq0khq5HMHMHuIg/CbJl2cdgQYc.jpg?size=535x807&quality=95&sign=3fe2286118c636a0e58b7ae970888375&c_uniq_tag=Jzqx040m4dHwV6U8jkTfLcsqnn2h9tfn4xlnvs2887E&type=album', 'type': 'y', 'width': 535}, {'height': 1080, 'url': 'https://sun9-52.userapi.com/impg/Au_VN2TPUJVf3YIxRer9SK3Hq0khq5HMHMHuIg/CbJl2cdgQYc.jpg?size=715x1080&quality=95&sign=40ef46f0e0af5feabe8b185cf0c19f3f&c_uniq_tag=bqHGJBRScNq2XQyiP8f8C7v_BWa8fQz0MM5y3AB9Gu8&type=album', 'type': 'z', 'width': 715}, {'height': 2160, 'url': 'https://sun9-52.userapi.com/impg/Au_VN2TPUJVf3YIxRer9SK3Hq0khq5HMHMHuIg/CbJl2cdgQYc.jpg?size=1431x2160&quality=95&sign=85bf027347ee789e02f55f0287fddfd8&c_uniq_tag=XGUv71ETBhK9pO9r_MMMJ5Qc00vRv9FZO6KMJAUXrbk&type=album', 'type': 'w', 'width': 1431}, {'height': 196, 'url': 'https://sun9-52.userapi.com/impg/Au_VN2TPUJVf3YIxRer9SK3Hq0khq5HMHMHuIg/CbJl2cdgQYc.jpg?size=130x196&quality=95&sign=8316d31afda45cd44e2fde67298b89d2&c_uniq_tag=qKTK59Pmve3lsfnYjOBQyvqk8ErGh7kIoVkgW8UiaMg&type=album', 'type': 'o', 'width': 130}, {'height': 302, 'url': 'https://sun9-52.userapi.com/impg/Au_VN2TPUJVf3YIxRer9SK3Hq0khq5HMHMHuIg/CbJl2cdgQYc.jpg?size=200x302&quality=95&sign=ab34a13e21da673b7a5715fec277e4ac&c_uniq_tag=aNRbjbniMDb-FeMaGAtup0BtEL81bf3jTFvKSX9rMTo&type=album', 'type': 'p', 'width': 200}, {'height': 483, 'url': 'https://sun9-52.userapi.com/impg/Au_VN2TPUJVf3YIxRer9SK3Hq0khq5HMHMHuIg/CbJl2cdgQYc.jpg?size=320x483&quality=95&sign=dbebbcbae4f918611bb9ee3607fbe149&c_uniq_tag=5OTG-x59r5lQfrtv3zeZ6oXNDOakV9ciNbUdeU6nUA0&type=album', 'type': 'q', 'width': 320}, {'height': 770, 'url': 'https://sun9-52.userapi.com/impg/Au_VN2TPUJVf3YIxRer9SK3Hq0khq5HMHMHuIg/CbJl2cdgQYc.jpg?size=510x770&quality=95&sign=e93b6d5975f5e15706ebadb8a726c370&c_uniq_tag=vYAeJq-HyuWhMPnBrQ3iSvqkiA6EobwJu1ACkrFJ2qM&type=album', 'type': 'r', 'width': 510}]","0,384,1696",
-7,1454735028,False,397652328,165642955,7653,"[{'height': 97, 'url': 'https://sun9-30.userapi.com/impf/tOZQTB20T7IRJYAHjgHzdX9mpy3K7h58wcxLvw/wmBBerFBr4Q.jpg?size=130x97&quality=96&sign=09666095a211690be778c9d59b25ab62&c_uniq_tag=nIc8OOe5G0P_4XBNVEpRLPuqTimrksMtyK4PF0KEOs4&type=album', 'type': 'm', 'width': 130}, {'height': 97, 'url': 'https://sun9-30.userapi.com/impf/tOZQTB20T7IRJYAHjgHzdX9mpy3K7h58wcxLvw/wmBBerFBr4Q.jpg?size=130x97&quality=96&sign=09666095a211690be778c9d59b25ab62&c_uniq_tag=nIc8OOe5G0P_4XBNVEpRLPuqTimrksMtyK4PF0KEOs4&type=album', 'type': 'o', 'width': 130}, {'height': 150, 'url': 'https://sun9-30.userapi.com/impf/tOZQTB20T7IRJYAHjgHzdX9mpy3K7h58wcxLvw/wmBBerFBr4Q.jpg?size=200x150&quality=96&sign=61b261c2543b5094d142567089c6058b&c_uniq_tag=7mjsywiKoEOWHmf0ID05xxYWmfmrcFr08qUpETuweNQ&type=album', 'type': 'p', 'width': 200}, {'height': 240, 'url': 'https://sun9-30.userapi.com/impf/tOZQTB20T7IRJYAHjgHzdX9mpy3K7h58wcxLvw/wmBBerFBr4Q.jpg?size=320x240&quality=96&sign=3672a3d4944239824a17dc6338623101&c_uniq_tag=Neu4P4rai1GdxNsatZm1dGdnhqkzZjlkxtNG5lTPjBc&type=album', 'type': 'q', 'width': 320}, {'height': 382, 'url': 'https://sun9-30.userapi.com/impf/tOZQTB20T7IRJYAHjgHzdX9mpy3K7h58wcxLvw/wmBBerFBr4Q.jpg?size=510x382&quality=96&sign=df8011a1d3c567f6c97762e7f2d797b9&c_uniq_tag=6XvUGSYOq5mTH87pZNM6A8datJolhlhr5Ke6Ni2OvFk&type=album', 'type': 'r', 'width': 510}, {'height': 56, 'url': 'https://sun9-30.userapi.com/impf/tOZQTB20T7IRJYAHjgHzdX9mpy3K7h58wcxLvw/wmBBerFBr4Q.jpg?size=75x56&quality=96&sign=c08268ef4db229b966b8281421f54da8&c_uniq_tag=4gP2fCPTGEVo4Wthu0VNZP2ah4BZrA7GfVECWMl-Nko&type=album', 'type': 's', 'width': 75}, {'height': 453, 'url': 'https://sun9-30.userapi.com/impf/tOZQTB20T7IRJYAHjgHzdX9mpy3K7h58wcxLvw/wmBBerFBr4Q.jpg?size=604x453&quality=96&sign=aa5ea81bb26d7469a7adc8baca5c6ded&c_uniq_tag=CBVR0cw5THi8-iAIoyLBO3_1_O6zwQLBe5y61Nj0P-o&type=album', 'type': 'x', 'width': 604}, {'height': 605, 'url': 'https://sun9-30.userapi.com/impf/tOZQTB20T7IRJYAHjgHzdX9mpy3K7h58wcxLvw/wmBBerFBr4Q.jpg?size=807x605&quality=96&sign=5963c97e9d58703e2f082fa80586b7b3&c_uniq_tag=Q0owao2bVysmS610iPxpTrL_OoORxc7UENM4JNOlUYg&type=album', 'type': 'y', 'width': 807}, {'height': 768, 'url': 'https://sun9-30.userapi.com/impf/tOZQTB20T7IRJYAHjgHzdX9mpy3K7h58wcxLvw/wmBBerFBr4Q.jpg?size=1024x768&quality=96&sign=9b15c741dde3980ae9c2a02243a8c583&c_uniq_tag=I1rm-0e94PRkXvBXnZMxJ0SWepS2E_xa7xZkO3k22fA&type=album', 'type': 'z', 'width': 1024}]",,
-7,1484501199,False,456240086,165642955,,"[{'height': 97, 'url': 'https://sun9-54.userapi.com/impf/c638221/v638221955/1ed2f/a-FtW2zxd1M.jpg?size=130x97&quality=96&sign=b31c45b28f2ddbc4e7c68fe6d3117287&c_uniq_tag=LRsgTiGJPtbyGjjdohKWfaELsl83IB4SzVQ4tPOmN_g&type=album', 'type': 'm', 'width': 130}, {'height': 97, 'url': 'https://sun9-54.userapi.com/impf/c638221/v638221955/1ed2f/a-FtW2zxd1M.jpg?size=130x97&quality=96&sign=b31c45b28f2ddbc4e7c68fe6d3117287&c_uniq_tag=LRsgTiGJPtbyGjjdohKWfaELsl83IB4SzVQ4tPOmN_g&type=album', 'type': 'o', 'width': 130}, {'height': 150, 'url': 'https://sun9-54.userapi.com/impf/c638221/v638221955/1ed2f/a-FtW2zxd1M.jpg?size=200x150&quality=96&sign=55a0ac8b52dba0cf9b2c338fd17d851d&c_uniq_tag=5y4Tn3QA-_ebdeP0nCqRCaBg0XwCIU1W8h2X-2qwJts&type=album', 'type': 'p', 'width': 200}, {'height': 240, 'url': 'https://sun9-54.userapi.com/impf/c638221/v638221955/1ed2f/a-FtW2zxd1M.jpg?size=320x240&quality=96&sign=02f65c4608b1a4bcd6ca3ea3085a5d64&c_uniq_tag=dIh9bNkG3ODtmTb4qfRA6kFNXLexmZrvbY5vwtdw8Vk&type=album', 'type': 'q', 'width': 320}, {'height': 382, 'url': 'https://sun9-54.userapi.com/impf/c638221/v638221955/1ed2f/a-FtW2zxd1M.jpg?size=510x382&quality=96&sign=2ac152d247c7a8386e04b1fc0c3ea746&c_uniq_tag=m5PGNJeL5ofvh-X9kWWXU66QmshMU7-IVd48EIc2qHo&type=album', 'type': 'r', 'width': 510}, {'height': 56, 'url': 'https://sun9-54.userapi.com/impf/c638221/v638221955/1ed2f/a-FtW2zxd1M.jpg?size=75x56&quality=96&sign=17905eb98e7408886c542fc91c4b9174&c_uniq_tag=9dkbOxy7URb-CQRo4ahhC3SkCmK2qwHbsiIB5Y1I9o4&type=album', 'type': 's', 'width': 75}, {'height': 1560, 'url': 'https://sun9-54.userapi.com/impf/c638221/v638221955/1ed2f/a-FtW2zxd1M.jpg?size=2080x1560&quality=96&sign=d82ba9f423ff84e61e51b195c91ea47a&c_uniq_tag=UpBX_f6Edya8vzC3D2yp0QtMPiJpiezDP1u37PnSb9Q&type=album', 'type': 'w', 'width': 2080}, {'height': 453, 'url': 'https://sun9-54.userapi.com/impf/c638221/v638221955/1ed2f/a-FtW2zxd1M.jpg?size=604x453&quality=96&sign=125483c40977182ac53c3f67b2f7d865&c_uniq_tag=4DAycFOn1wSxrmL-3JDv0mr10hPwupuko250D3RFBh0&type=album', 'type': 'x', 'width': 604}, {'height': 605, 'url': 'https://sun9-54.userapi.com/impf/c638221/v638221955/1ed2f/a-FtW2zxd1M.jpg?size=807x605&quality=96&sign=554f3616ffbeeac98234ea38eb14519e&c_uniq_tag=XyB1TGsICzykEjaOe36TnG2vFmaiU6BxGjc_usMIfnw&type=album', 'type': 'y', 'width': 807}, {'height': 960, 'url': 'https://sun9-54.userapi.com/impf/c638221/v638221955/1ed2f/a-FtW2zxd1M.jpg?size=1280x960&quality=96&sign=7965f5fd62a5dc3cb563cb3ecb0edb40&c_uniq_tag=SX6pRAef2ncdgs7ogs0JJCvmsuOs1xG4CfDPTmP-Xcg&type=album', 'type': 'z', 'width': 1280}]",,
-7,1484501239,False,456240087,165642955,,"[{'height': 97, 'url': 'https://sun9-4.userapi.com/impf/c638221/v638221955/1ed39/jF6OzCI8EtY.jpg?size=130x97&quality=96&sign=530de8b7d4c1a2e29381395f02f4b374&c_uniq_tag=C_igwYyvhKhqAjlW9QxnlOK9-FTbzZ9JJtA9FW3cBvA&type=album', 'type': 'm', 'width': 130}, {'height': 97, 'url': 'https://sun9-4.userapi.com/impf/c638221/v638221955/1ed39/jF6OzCI8EtY.jpg?size=130x97&quality=96&sign=530de8b7d4c1a2e29381395f02f4b374&c_uniq_tag=C_igwYyvhKhqAjlW9QxnlOK9-FTbzZ9JJtA9FW3cBvA&type=album', 'type': 'o', 'width': 130}, {'height': 150, 'url': 'https://sun9-4.userapi.com/impf/c638221/v638221955/1ed39/jF6OzCI8EtY.jpg?size=200x150&quality=96&sign=c1e0e25e447c7a93e394f7c1a5777354&c_uniq_tag=l_BpW4l3NLkGEPyBN8sF6ROUT7R3vvJ_XE9rd1s_rqA&type=album', 'type': 'p', 'width': 200}, {'height': 240, 'url': 'https://sun9-4.userapi.com/impf/c638221/v638221955/1ed39/jF6OzCI8EtY.jpg?size=320x240&quality=96&sign=20761b743c7d4e2fe87dd6f3fed4028f&c_uniq_tag=0nSlubGbmg6lXFONrIoFpza3lS1OYgICupOUp8Iv6y4&type=album', 'type': 'q', 'width': 320}, {'height': 382, 'url': 'https://sun9-4.userapi.com/impf/c638221/v638221955/1ed39/jF6OzCI8EtY.jpg?size=510x382&quality=96&sign=680411c9e52db72c81131143cb491fd9&c_uniq_tag=fHHA8Xr_BupByU2LlUbJH496HqbssjXSPVrUSOBt4IU&type=album', 'type': 'r', 'width': 510}, {'height': 56, 'url': 'https://sun9-4.userapi.com/impf/c638221/v638221955/1ed39/jF6OzCI8EtY.jpg?size=75x56&quality=96&sign=71ca765dea891c162ddb4145509ea137&c_uniq_tag=j8hdMh2IeeZlR3W1fyPfmVZ9ibd1RLftDcdWca0W0KE&type=album', 'type': 's', 'width': 75}, {'height': 1560, 'url': 'https://sun9-4.userapi.com/impf/c638221/v638221955/1ed39/jF6OzCI8EtY.jpg?size=2080x1560&quality=96&sign=7454c018571df4c72592617b17aa7009&c_uniq_tag=h86Hp74Tppy3I6BrGtPaOt3Xlm92VYI1kHX1ioMWhww&type=album', 'type': 'w', 'width': 2080}, {'height': 453, 'url': 'https://sun9-4.userapi.com/impf/c638221/v638221955/1ed39/jF6OzCI8EtY.jpg?size=604x453&quality=96&sign=88158f17c43f556c416defc31595ff9f&c_uniq_tag=wmVO3cyJ6Rr07yWfTYk90oLk3Rk-3QGDlVdnHrrOZSE&type=album', 'type': 'x', 'width': 604}, {'height': 605, 'url': 'https://sun9-4.userapi.com/impf/c638221/v638221955/1ed39/jF6OzCI8EtY.jpg?size=807x605&quality=96&sign=03b46a6f5201b2301feada724b402ef9&c_uniq_tag=NwkcXvNiIlfueglwsDPVo_8JmSO-2Qnl5o8UYFR_Fvk&type=album', 'type': 'y', 'width': 807}, {'height': 960, 'url': 'https://sun9-4.userapi.com/impf/c638221/v638221955/1ed39/jF6OzCI8EtY.jpg?size=1280x960&quality=96&sign=cfc1d15f08c2519ccbf275877c29e36e&c_uniq_tag=puTxuq60Oze0b_zldk590txlub7A7jVnLK5U1jBJvzU&type=album', 'type': 'z', 'width': 1280}]",,
-7,1489935200,False,456241048,165642955,,"[{'height': 73, 'url': 'https://sun9-31.userapi.com/impf/c837231/v837231955/2bb0c/_1J6WAE1P5E.jpg?size=130x73&quality=96&sign=5c615edf6f75183e3662c585d0f48e07&c_uniq_tag=2yzaKjshWqMWegEfBtaTWFrKbmR4W45_GFUdmsueja8&type=album', 'type': 'm', 'width': 130}, {'height': 87, 'url': 'https://sun9-31.userapi.com/impf/c837231/v837231955/2bb0c/_1J6WAE1P5E.jpg?size=130x87&quality=96&crop=102,0,1076,720&sign=b7c6878765395649d1f0700f35243b99&c_uniq_tag=P7LxDbOMcTri3i4Y-s-ZnsO8I5pbXEvKlLyipcEtqYE&type=album', 'type': 'o', 'width': 130}, {'height': 133, 'url': 'https://sun9-31.userapi.com/impf/c837231/v837231955/2bb0c/_1J6WAE1P5E.jpg?size=200x133&quality=96&crop=98,0,1083,720&sign=95ed14d56b1e17d7bf2507a5e78aa077&c_uniq_tag=wfkMt7h029Y7AZY9rFyv96_0IDclfDBUX6uUyHSwB_Y&type=album', 'type': 'p', 'width': 200}, {'height': 213, 'url': 'https://sun9-31.userapi.com/impf/c837231/v837231955/2bb0c/_1J6WAE1P5E.jpg?size=320x213&quality=96&crop=99,0,1082,720&sign=f8f48481f1f44c4b41f0c07a2e1afc05&c_uniq_tag=6tawP-66buQaCb7c0A29PD20B6dIsujWKGKRdOFd_kQ&type=album', 'type': 'q', 'width': 320}, {'height': 340, 'url': 'https://sun9-31.userapi.com/impf/c837231/v837231955/2bb0c/_1J6WAE1P5E.jpg?size=510x340&quality=96&crop=100,0,1080,720&sign=c1523331831e4f755d741ea4f10336da&c_uniq_tag=jNuXlP9MZgWy1K-VOrh_MnduX_1vEHunYsj21xplGko&type=album', 'type': 'r', 'width': 510}, {'height': 42, 'url': 'https://sun9-31.userapi.com/impf/c837231/v837231955/2bb0c/_1J6WAE1P5E.jpg?size=75x42&quality=96&sign=fdd24ff3309e1c92c97feec35c05e3de&c_uniq_tag=yzBgvUoDLMSXa-HDp5WTTPDrRtQ76OIHuPuQo7gkJUQ&type=album', 'type': 's', 'width': 75}, {'height': 340, 'url': 'https://sun9-31.userapi.com/impf/c837231/v837231955/2bb0c/_1J6WAE1P5E.jpg?size=604x340&quality=96&sign=c3d5050eaa1f1c3dc60faf2f0515abbb&c_uniq_tag=Kz5XVC_O9MG9QPJiCc7dwoyPdr1uR_qJmlGNTy0en-I&type=album', 'type': 'x', 'width': 604}, {'height': 454, 'url': 'https://sun9-31.userapi.com/impf/c837231/v837231955/2bb0c/_1J6WAE1P5E.jpg?size=807x454&quality=96&sign=d1573cdb78d55203c23e66f65720e834&c_uniq_tag=cVSJLMV_j49nOyzlB8DCEneXADe102sX426wmz88Uwo&type=album', 'type': 'y', 'width': 807}, {'height': 720, 'url': 'https://sun9-31.userapi.com/impf/c837231/v837231955/2bb0c/_1J6WAE1P5E.jpg?size=1280x720&quality=96&sign=2b55ba3b038bf96abb6a6458e036d36e&c_uniq_tag=oY-HuaTo0FgKl4DCSBhaGUUI_FQE_XayXNYuss9qC6U&type=album', 'type': 'z', 'width': 1280}]",,
-7,1489935202,False,456241049,165642955,,"[{'height': 73, 'url': 'https://sun9-74.userapi.com/impf/c837231/v837231955/2bb15/aZnnhfKawlY.jpg?size=130x73&quality=96&sign=820649f1f2927ab9c2d409afc25eff8b&c_uniq_tag=l9EeIK-kYPeqf-0bqwnOjj4bnAMHuf0HTri-uHeDU-4&type=album', 'type': 'm', 'width': 130}, {'height': 87, 'url': 'https://sun9-74.userapi.com/impf/c837231/v837231955/2bb15/aZnnhfKawlY.jpg?size=130x87&quality=96&crop=102,0,1076,720&sign=dbf970f8f0b96a9afb72bbe41586ad59&c_uniq_tag=hcCnDuFK7equbyUCUpMmhWwVG0QOZ-EtjOjKsQBs2A0&type=album', 'type': 'o', 'width': 130}, {'height': 133, 'url': 'https://sun9-74.userapi.com/impf/c837231/v837231955/2bb15/aZnnhfKawlY.jpg?size=200x133&quality=96&crop=98,0,1083,720&sign=72d93370638c0b9b841b374fb8ba5008&c_uniq_tag=R158-BhbImaWFWXyWnVmKVPvEz0ZuiZsijyVS8xR4A8&type=album', 'type': 'p', 'width': 200}, {'height': 213, 'url': 'https://sun9-74.userapi.com/impf/c837231/v837231955/2bb15/aZnnhfKawlY.jpg?size=320x213&quality=96&crop=99,0,1082,720&sign=766f4f3e1945aaa0b3868d9097c89130&c_uniq_tag=-aFTmS501edOAeh_34uNx6CARR6S8WIflAYpkOLbEy0&type=album', 'type': 'q', 'width': 320}, {'height': 340, 'url': 'https://sun9-74.userapi.com/impf/c837231/v837231955/2bb15/aZnnhfKawlY.jpg?size=510x340&quality=96&crop=100,0,1080,720&sign=19d0f246e414f8afc2b9084c83886c1b&c_uniq_tag=cHg73Wdy4SvFlwvYEq7aLDXqFGBUzPRpvahFFMNX4fU&type=album', 'type': 'r', 'width': 510}, {'height': 42, 'url': 'https://sun9-74.userapi.com/impf/c837231/v837231955/2bb15/aZnnhfKawlY.jpg?size=75x42&quality=96&sign=5a3e1cdd29d6c6aa664819c5c06c42bd&c_uniq_tag=R13aR8g2F8qV1MBlU0vDUJWA71lDAGm24m9z9UezTqI&type=album', 'type': 's', 'width': 75}, {'height': 340, 'url': 'https://sun9-74.userapi.com/impf/c837231/v837231955/2bb15/aZnnhfKawlY.jpg?size=604x340&quality=96&sign=758a029fc4d42196edb179b089125522&c_uniq_tag=-TiUeOh7gWZcywe5oFLC946KsNkAfyPxb5ZYG67qfIs&type=album', 'type': 'x', 'width': 604}, {'height': 454, 'url': 'https://sun9-74.userapi.com/impf/c837231/v837231955/2bb15/aZnnhfKawlY.jpg?size=807x454&quality=96&sign=57015bccda8f7e9ce340eb4ee7d7c8b6&c_uniq_tag=gShf0EDlcxZJbuX5BEVZI4UCT5ueVjEpn5NGnRC8D1s&type=album', 'type': 'y', 'width': 807}, {'height': 720, 'url': 'https://sun9-74.userapi.com/impf/c837231/v837231955/2bb15/aZnnhfKawlY.jpg?size=1280x720&quality=96&sign=fbe7e441badc3d8d3962b91c33c6f13a&c_uniq_tag=xjjZEWA1p70lfaj4EMLjHg4Ls899EOfRrHylNY-MtgA&type=album', 'type': 'z', 'width': 1280}]",,
-7,1491067767,False,456241242,165642955,8790,"[{'height': 67, 'url': 'https://sun9-41.userapi.com/impf/c639531/v639531955/1303f/YJy93PUKa-Y.jpg?size=130x67&quality=96&sign=7823cdbd1bbc1e41802d3593f2d0f3c6&c_uniq_tag=elLNI-RFCusLdi0hyiyscxlLNvVkfsG6AdQ1fs-qpmg&type=album', 'type': 'm', 'width': 130}, {'height': 87, 'url': 'https://sun9-41.userapi.com/impf/c639531/v639531955/1303f/YJy93PUKa-Y.jpg?size=130x87&quality=96&crop=84,0,551,369&sign=8ca671d4b3d6901e0e5b1430342ade29&c_uniq_tag=lLXhHpM2kCFsgYREpj5l6Y6M8D3BU5CaV-8jSYC9Fyc&type=album', 'type': 'o', 'width': 130}, {'height': 133, 'url': 'https://sun9-41.userapi.com/impf/c639531/v639531955/1303f/YJy93PUKa-Y.jpg?size=200x133&quality=96&crop=82,0,555,369&sign=c8e4ca8a165fed73c3cf0ae9a40d0b47&c_uniq_tag=LqicBhwNtqhCDXr0g3BAXAaajEUoMIR6tY3HU82v_nE&type=album', 'type': 'p', 'width': 200}, {'height': 213, 'url': 'https://sun9-41.userapi.com/impf/c639531/v639531955/1303f/YJy93PUKa-Y.jpg?size=320x213&quality=96&crop=83,0,554,369&sign=81ec7bfc87eacaee931df60294dd61ae&c_uniq_tag=9ru1xCOOWByGmO7LXIa_sMVIbTkZ05nZqhL2GYTPh2Q&type=album', 'type': 'q', 'width': 320}, {'height': 340, 'url': 'https://sun9-41.userapi.com/impf/c639531/v639531955/1303f/YJy93PUKa-Y.jpg?size=510x340&quality=96&crop=83,0,553,369&sign=a776bd6bbcec80ee294f9c1eec6cec79&c_uniq_tag=WJFgEea1ViflKt8RMGBzqO1gU5mwR8UvAE0Vw_eXPmY&type=album', 'type': 'r', 'width': 510}, {'height': 38, 'url': 'https://sun9-41.userapi.com/impf/c639531/v639531955/1303f/YJy93PUKa-Y.jpg?size=75x38&quality=96&sign=486fce72c54c54012aaaf1d1709a70fe&c_uniq_tag=mkmJ7ke9Q0CDniF2lBIs4byjVnjp2JpKXCTgALomQUo&type=album', 'type': 's', 'width': 75}, {'height': 310, 'url': 'https://sun9-41.userapi.com/impf/c639531/v639531955/1303f/YJy93PUKa-Y.jpg?size=604x310&quality=96&sign=865e511333bce4b37a4d89fe8b52d7ad&c_uniq_tag=0B4qumIDftQ60wKb70liVpBv5tdUum7FcsYytGJbyNc&type=album', 'type': 'x', 'width': 604}, {'height': 369, 'url': 'https://sun9-41.userapi.com/impf/c639531/v639531955/1303f/YJy93PUKa-Y.jpg?size=720x369&quality=96&sign=c4225e5fada1bd4a43f5d6a09a225907&c_uniq_tag=awdpTmUMrwkuj9fd5k2MJQr1cpqQ3SIjFX-Rnkl35y8&type=album', 'type': 'y', 'width': 720}]",,
-7,1491677181,False,456241375,165642955,8797,"[{'height': 73, 'url': 'https://sun9-38.userapi.com/impf/c639616/v639616955/1963e/GSC-ZciVywc.jpg?size=130x73&quality=96&sign=e54640f109aaa77dbb6143953eff389e&c_uniq_tag=eN-bnQ9NaWKFUCo3ejNDDsg_QjtyoiQXdUEoFss3zqc&type=album', 'type': 'm', 'width': 130}, {'height': 87, 'url': 'https://sun9-38.userapi.com/impf/c639616/v639616955/1963e/GSC-ZciVywc.jpg?size=130x87&quality=96&crop=103,0,1074,719&sign=11ae8da2b1e6e15bdd19388d8d00bcc0&c_uniq_tag=C7wlDEKetByWVAF7XCeXGW9N03zP7N0VnbN9EJ6kDLI&type=album', 'type': 'o', 'width': 130}, {'height': 133, 'url': 'https://sun9-38.userapi.com/impf/c639616/v639616955/1963e/GSC-ZciVywc.jpg?size=200x133&quality=96&crop=99,0,1081,719&sign=99478a8dbfeb0c01f044e91eb49f97e0&c_uniq_tag=yqsMykA4zuUGFynmy4tpGdfHb2Yb75Q2QJWHjprh80g&type=album', 'type': 'p', 'width': 200}, {'height': 213, 'url': 'https://sun9-38.userapi.com/impf/c639616/v639616955/1963e/GSC-ZciVywc.jpg?size=320x213&quality=96&crop=100,0,1080,719&sign=379dc26519741bf5326295dc63363bf0&c_uniq_tag=sC6BLzZ-g8o0LJkBp8TalTlCZA7VtpbiOsvFN56KSSo&type=album', 'type': 'q', 'width': 320}, {'height': 340, 'url': 'https://sun9-38.userapi.com/impf/c639616/v639616955/1963e/GSC-ZciVywc.jpg?size=510x340&quality=96&crop=101,0,1078,719&sign=873fedb9fb922cd7a495c3f66990a905&c_uniq_tag=TzAjJssWgkRrYP231kZb_uaIK6mkJ_NIbfUNE3KvFJM&type=album', 'type': 'r', 'width': 510}, {'height': 42, 'url': 'https://sun9-38.userapi.com/impf/c639616/v639616955/1963e/GSC-ZciVywc.jpg?size=75x42&quality=96&sign=4b1373a7eb731982f03f0b7f866498b4&c_uniq_tag=wZFbVpMA_fyvtWzawm9rL6nc7PMEZA8S-rAjh6rDYJg&type=album', 'type': 's', 'width': 75}, {'height': 339, 'url': 'https://sun9-38.userapi.com/impf/c639616/v639616955/1963e/GSC-ZciVywc.jpg?size=604x339&quality=96&sign=59bef00170c7a1565d77b7e493d28146&c_uniq_tag=NE-KFpiOPix7yUH6qzyafr9kmdfL3azkeHDqNInx7yg&type=album', 'type': 'x', 'width': 604}, {'height': 453, 'url': 'https://sun9-38.userapi.com/impf/c639616/v639616955/1963e/GSC-ZciVywc.jpg?size=807x453&quality=96&sign=4118c2e77fe43dc3a50449b3556b6607&c_uniq_tag=SW_p7IyfWBn1USSyP9WJpfd_49115qw8LB-QGEwVZzM&type=album', 'type': 'y', 'width': 807}, {'height': 719, 'url': 'https://sun9-38.userapi.com/impf/c639616/v639616955/1963e/GSC-ZciVywc.jpg?size=1280x719&quality=96&sign=dde3c1848fda50c2e04df53e51982574&c_uniq_tag=Iz_dYJZVYDtArzCDR09QhKHV5UMGRDnloVOnOOj1Mzc&type=album', 'type': 'z', 'width': 1280}]",,
-7,1494064780,False,456241723,165642955,8837,"[{'height': 97, 'url': 'https://sun9-42.userapi.com/impf/c836633/v836633955/35868/W3JeEAgzB2Y.jpg?size=130x97&quality=96&sign=8bf74f8cb05dea394dd4c3749913acd0&c_uniq_tag=V5tHpH5BSI2UdaOTXAC2-MuxLu87MTokVxHJ83uSunM&type=album', 'type': 'm', 'width': 130}, {'height': 97, 'url': 'https://sun9-42.userapi.com/impf/c836633/v836633955/35868/W3JeEAgzB2Y.jpg?size=130x97&quality=96&sign=8bf74f8cb05dea394dd4c3749913acd0&c_uniq_tag=V5tHpH5BSI2UdaOTXAC2-MuxLu87MTokVxHJ83uSunM&type=album', 'type': 'o', 'width': 130}, {'height': 150, 'url': 'https://sun9-42.userapi.com/impf/c836633/v836633955/35868/W3JeEAgzB2Y.jpg?size=200x150&quality=96&sign=228a96c386d1d8fbbf5997393cf5f228&c_uniq_tag=6dx9JJbEe6gEp-pPepa0nu758LmQ9IDptGWEvBVbhLQ&type=album', 'type': 'p', 'width': 200}, {'height': 240, 'url': 'https://sun9-42.userapi.com/impf/c836633/v836633955/35868/W3JeEAgzB2Y.jpg?size=320x240&quality=96&sign=2c2fcd8dedc7b4b1affd151f89820b82&c_uniq_tag=EvuSq3gb9GA6hIQUNEBpAJ13k7nkTv6cuU1pB4GGELk&type=album', 'type': 'q', 'width': 320}, {'height': 382, 'url': 'https://sun9-42.userapi.com/impf/c836633/v836633955/35868/W3JeEAgzB2Y.jpg?size=510x382&quality=96&sign=de8d2cc2f7ee71c4ab7bd93c19f812a6&c_uniq_tag=BIDlOQ-lh-RfS3xOPUCt85G1NuYaxQEaGEeKBWPCffE&type=album', 'type': 'r', 'width': 510}, {'height': 56, 'url': 'https://sun9-42.userapi.com/impf/c836633/v836633955/35868/W3JeEAgzB2Y.jpg?size=75x56&quality=96&sign=3be6500ab0e26dae3b652c74828e4b66&c_uniq_tag=-KVf4pNV-4lLdZuTeoqnv5ynVr_YJrVFXVspj1wDn2w&type=album', 'type': 's', 'width': 75}, {'height': 1560, 'url': 'https://sun9-42.userapi.com/impf/c836633/v836633955/35868/W3JeEAgzB2Y.jpg?size=2080x1560&quality=96&sign=44dacc8cf43fdfcf9f24888f9d994f02&c_uniq_tag=USIQzbj7QD7li0sxYYvtfQK47pL0rXOfjMHzThXbzkE&type=album', 'type': 'w', 'width': 2080}, {'height': 453, 'url': 'https://sun9-42.userapi.com/impf/c836633/v836633955/35868/W3JeEAgzB2Y.jpg?size=604x453&quality=96&sign=fe543428a9e708fa47bde4354521b687&c_uniq_tag=hS3NmSRLHFt8oS_UtkWqQt3zeQvh4vFc_D0sgfIYX5U&type=album', 'type': 'x', 'width': 604}, {'height': 605, 'url': 'https://sun9-42.userapi.com/impf/c836633/v836633955/35868/W3JeEAgzB2Y.jpg?size=807x605&quality=96&sign=44aae1efbacd1ab047e703a7a3deb5f2&c_uniq_tag=9QfMcn5tyVSxtoqeKnAlKvF_9SqtQS9gBawWiK_HZl4&type=album', 'type': 'y', 'width': 807}, {'height': 960, 'url': 'https://sun9-42.userapi.com/impf/c836633/v836633955/35868/W3JeEAgzB2Y.jpg?size=1280x960&quality=96&sign=0109082b7dbcb2f29a2df7812e89f76e&c_uniq_tag=83RyDJIX_8YJC7HO4RKmBZ547Yei7L9Sk4KC9Bg-YM8&type=album', 'type': 'z', 'width': 1280}]",,
-7,1494072848,False,456241734,165642955,8840,"[{'height': 97, 'url': 'https://sun9-9.userapi.com/impf/c836633/v836633955/35a0a/gOq8OMQgnsc.jpg?size=130x97&quality=96&sign=3a60e20106f53745a0cfd2ef75eec356&c_uniq_tag=4v6rftqJf0LFY3FWrvmkPjyAV4q321SRhwTXvDlFKBw&type=album', 'type': 'm', 'width': 130}, {'height': 97, 'url': 'https://sun9-9.userapi.com/impf/c836633/v836633955/35a0a/gOq8OMQgnsc.jpg?size=130x97&quality=96&sign=3a60e20106f53745a0cfd2ef75eec356&c_uniq_tag=4v6rftqJf0LFY3FWrvmkPjyAV4q321SRhwTXvDlFKBw&type=album', 'type': 'o', 'width': 130}, {'height': 150, 'url': 'https://sun9-9.userapi.com/impf/c836633/v836633955/35a0a/gOq8OMQgnsc.jpg?size=200x150&quality=96&sign=54b8576e97e853d5102ea5a2087dc5af&c_uniq_tag=zJpl-VC5PGoVr63G9gLUD-jWbGbqEQTM3dFt8zLHE-0&type=album', 'type': 'p', 'width': 200}, {'height': 240, 'url': 'https://sun9-9.userapi.com/impf/c836633/v836633955/35a0a/gOq8OMQgnsc.jpg?size=320x240&quality=96&sign=6e2e8ae30574f76e0874bf6651df3d05&c_uniq_tag=RjUpiaqm65XsjSsj8JtWH6hhrujk-42lstS6Wf8DRww&type=album', 'type': 'q', 'width': 320}, {'height': 382, 'url': 'https://sun9-9.userapi.com/impf/c836633/v836633955/35a0a/gOq8OMQgnsc.jpg?size=510x382&quality=96&sign=2d1e2cf46123139a3f28960629540dbe&c_uniq_tag=KrUWFdBTCpsaVWt0Sw5E7-ReepusNiRotnPi7J_g4CY&type=album', 'type': 'r', 'width': 510}, {'height': 56, 'url': 'https://sun9-9.userapi.com/impf/c836633/v836633955/35a0a/gOq8OMQgnsc.jpg?size=75x56&quality=96&sign=b5b1d7a01cc5ca572d02b7a561e70d0f&c_uniq_tag=gFCLw5zkSWoEzlQHubY1bO5HaATnCxjlAmrsj5iEKQg&type=album', 'type': 's', 'width': 75}, {'height': 1560, 'url': 'https://sun9-9.userapi.com/impf/c836633/v836633955/35a0a/gOq8OMQgnsc.jpg?size=2080x1560&quality=96&sign=12d3d5537dc05645cf8f42c3963d3687&c_uniq_tag=Cm_M16QqwWcdRN1CKvjQ-wgHR61MsdHhQt7SJUzXpBQ&type=album', 'type': 'w', 'width': 2080}, {'height': 453, 'url': 'https://sun9-9.userapi.com/impf/c836633/v836633955/35a0a/gOq8OMQgnsc.jpg?size=604x453&quality=96&sign=740dce998d4d64a6d70c3008fbfa54e6&c_uniq_tag=QYirXyaCzAJLOigyTmqPu2sx0zNUdmUbbhudOLf94RA&type=album', 'type': 'x', 'width': 604}, {'height': 605, 'url': 'https://sun9-9.userapi.com/impf/c836633/v836633955/35a0a/gOq8OMQgnsc.jpg?size=807x605&quality=96&sign=242934e823bb63513b436e07a0be7779&c_uniq_tag=OdfFP7PSfuUD9CEMPXCvVCBV68FTCoVr9DcX8kpQBlI&type=album', 'type': 'y', 'width': 807}, {'height': 960, 'url': 'https://sun9-9.userapi.com/impf/c836633/v836633955/35a0a/gOq8OMQgnsc.jpg?size=1280x960&quality=96&sign=f2f8e798a68ea338ae2f11cdd46446bd&c_uniq_tag=iM1Vit1EOYx6YmPASYFrt3LoOToxL9TkVcYnw32Trv4&type=album', 'type': 'z', 'width': 1280}]",,
-7,1496656374,False,456241970,165642955,8875,"[{'height': 73, 'url': 'https://sun9-26.userapi.com/impf/c836722/v836722643/3f3f6/6MnfMlyWuUQ.jpg?size=130x73&quality=96&sign=21b08afe54d64ebacfd7af7e3ac72cd0&c_uniq_tag=vLK141AFLLfjifLBRtgW74ylow3gPGL0Ta46XMnt76s&type=album', 'type': 'm', 'width': 130}, {'height': 87, 'url': 'https://sun9-26.userapi.com/impf/c836722/v836722643/3f3f6/6MnfMlyWuUQ.jpg?size=130x87&quality=96&crop=58,0,604,404&sign=917397210f35a24624cb812533b7fb98&c_uniq_tag=YzuG1266xVvXYOaeMJP_qR4nv-bDm4-swn6JvbovW_0&type=album', 'type': 'o', 'width': 130}, {'height': 133, 'url': 'https://sun9-26.userapi.com/impf/c836722/v836722643/3f3f6/6MnfMlyWuUQ.jpg?size=200x133&quality=96&crop=56,0,608,404&sign=b4a414e1b65589ec3602c24798f3ae90&c_uniq_tag=2-vFs9L9VOTmaOVvm8BIaKtHnX87n6PK_pASK8QLMgw&type=album', 'type': 'p', 'width': 200}, {'height': 213, 'url': 'https://sun9-26.userapi.com/impf/c836722/v836722643/3f3f6/6MnfMlyWuUQ.jpg?size=320x213&quality=96&crop=56,0,607,404&sign=8ede3c3c2bc999247c0eb82a45c96551&c_uniq_tag=SlT41tWoHVuClLc19DVy1QCb0UwHg9RVBtATGnao_fA&type=album', 'type': 'q', 'width': 320}, {'height': 340, 'url': 'https://sun9-26.userapi.com/impf/c836722/v836722643/3f3f6/6MnfMlyWuUQ.jpg?size=510x340&quality=96&crop=57,0,606,404&sign=0b9969dfb77a9afeddda6ab88313093a&c_uniq_tag=upWYyBe5CjypAs3IeKMeK_051p1xhC6B2dnkqx8onVE&type=album', 'type': 'r', 'width': 510}, {'height': 42, 'url': 'https://sun9-26.userapi.com/impf/c836722/v836722643/3f3f6/6MnfMlyWuUQ.jpg?size=75x42&quality=96&sign=3ac0642c3272390e0c65f590c7e6aa6f&c_uniq_tag=tJHpJKmo0FJT5hxc_8e8NwyVb2d80yRbCqjsweyV6bo&type=album', 'type': 's', 'width': 75}, {'height': 339, 'url': 'https://sun9-26.userapi.com/impf/c836722/v836722643/3f3f6/6MnfMlyWuUQ.jpg?size=604x339&quality=96&sign=995445c8b3bcd87e9a4b5fa1c41ea189&c_uniq_tag=TY9SLMDAjDm9oJ5BLa_shHJg9myl3hMiaAeXrCPtDFU&type=album', 'type': 'x', 'width': 604}, {'height': 404, 'url': 'https://sun9-26.userapi.com/impf/c836722/v836722643/3f3f6/6MnfMlyWuUQ.jpg?size=720x404&quality=96&sign=23171903edf82371b2ef21500b070e71&c_uniq_tag=SWHfeF4kiWGkbCm34CV6H0YiNaMhlx9ZtgZ4eO3zsnw&type=album', 'type': 'y', 'width': 720}]",,
-7,1498758033,False,456242249,165642955,8913,"[{'height': 97, 'url': 'https://sun9-59.userapi.com/impf/c836425/v836425955/44b4a/hRH4InhnXj0.jpg?size=130x97&quality=96&sign=1a0db135ff25db6f4a92742e07a43682&c_uniq_tag=dAZqKBUuUXTi4JvCDCkS61GbeFcRBpQ8mV63eORm184&type=album', 'type': 'm', 'width': 130}, {'height': 97, 'url': 'https://sun9-59.userapi.com/impf/c836425/v836425955/44b4a/hRH4InhnXj0.jpg?size=130x97&quality=96&sign=1a0db135ff25db6f4a92742e07a43682&c_uniq_tag=dAZqKBUuUXTi4JvCDCkS61GbeFcRBpQ8mV63eORm184&type=album', 'type': 'o', 'width': 130}, {'height': 150, 'url': 'https://sun9-59.userapi.com/impf/c836425/v836425955/44b4a/hRH4InhnXj0.jpg?size=200x150&quality=96&sign=e4684d83d0056fda60c9ece9af5853a6&c_uniq_tag=Gokpk7Gnd0LHBcAp51LvxC63PBn-d2FKRpiNXazQf8A&type=album', 'type': 'p', 'width': 200}, {'height': 240, 'url': 'https://sun9-59.userapi.com/impf/c836425/v836425955/44b4a/hRH4InhnXj0.jpg?size=320x240&quality=96&sign=549bbbbc9eba94702b7284b7d18fcb8c&c_uniq_tag=WGu3fVXU56gwiYxQq2r2eJboWYGzMmmToKvxbyBmqmU&type=album', 'type': 'q', 'width': 320}, {'height': 382, 'url': 'https://sun9-59.userapi.com/impf/c836425/v836425955/44b4a/hRH4InhnXj0.jpg?size=510x382&quality=96&sign=89a4e087e9ccad5a73aa862b7ff3c2ee&c_uniq_tag=Pi2XngifaEbK3kSJxRz-AojMK33iVIDklyv6YbkEZsg&type=album', 'type': 'r', 'width': 510}, {'height': 56, 'url': 'https://sun9-59.userapi.com/impf/c836425/v836425955/44b4a/hRH4InhnXj0.jpg?size=75x56&quality=96&sign=38580c746a87408214e4dede40f8a843&c_uniq_tag=M74v3j8f5sU08BqysL4nzWTQJ6sC1gEnbLCZiL4AOSo&type=album', 'type': 's', 'width': 75}, {'height': 1920, 'url': 'https://sun9-59.userapi.com/impf/c836425/v836425955/44b4a/hRH4InhnXj0.jpg?size=2560x1920&quality=96&sign=5f74f894c50897788ecd5b13d1496397&c_uniq_tag=q_r92FJ7LesMXhirXQ7-TLSxmMbdVQxFgxTeixrsGe8&type=album', 'type': 'w', 'width': 2560}, {'height': 453, 'url': 'https://sun9-59.userapi.com/impf/c836425/v836425955/44b4a/hRH4InhnXj0.jpg?size=604x453&quality=96&sign=96926cb419360933281f72e491b9d17c&c_uniq_tag=pWBzQqR86X35BS0eta-5wEhtVzgbeXatRmaQPpVdv5w&type=album', 'type': 'x', 'width': 604}, {'height': 605, 'url': 'https://sun9-59.userapi.com/impf/c836425/v836425955/44b4a/hRH4InhnXj0.jpg?size=807x605&quality=96&sign=498e9d72b447150b234274ab3ad66362&c_uniq_tag=tPkeK15ZN8XB7lNtLVRZarM4mrDgO-j6jbKRmn9m0kc&type=album', 'type': 'y', 'width': 807}, {'height': 960, 'url': 'https://sun9-59.userapi.com/impf/c836425/v836425955/44b4a/hRH4InhnXj0.jpg?size=1280x960&quality=96&sign=15f8607e925eab722019599ae2c40264&c_uniq_tag=_Wsx3qdrmc6NigFj-49stjHEAKBuEaQv0m3LTlD9JGU&type=album', 'type': 'z', 'width': 1280}]",,
-7,1500487416,False,456242955,165642955,,"[{'height': 130, 'url': 'https://sun9-87.userapi.com/impf/c638422/v638422002/4a599/vouHiwK1UO4.jpg?size=73x130&quality=96&sign=19252dfecfabd9b4f0c8a8c5eab797d7&c_uniq_tag=QbTIX8OGGtTmZ0f09yQHqVdRmMAtrIq8-zsnKsy7VAg&type=album', 'type': 'm', 'width': 73}, {'height': 231, 'url': 'https://sun9-87.userapi.com/impf/c638422/v638422002/4a599/vouHiwK1UO4.jpg?size=130x231&quality=96&sign=056813947d5324c631fac357559f75e2&c_uniq_tag=8Yezeh-I5z2BZkevmes5BUQCPGxIhS26da_qx0RyOBU&type=album', 'type': 'o', 'width': 130}, {'height': 355, 'url': 'https://sun9-87.userapi.com/impf/c638422/v638422002/4a599/vouHiwK1UO4.jpg?size=200x355&quality=96&sign=1bcf4e74223fc09434a7a9a5f12be099&c_uniq_tag=UbGSqXP30ZljiSdlGIElppq1mG3EbCsIgPZXOCcQ93Q&type=album', 'type': 'p', 'width': 200}, {'height': 568, 'url': 'https://sun9-87.userapi.com/impf/c638422/v638422002/4a599/vouHiwK1UO4.jpg?size=320x568&quality=96&sign=8ac2a93a6bd4f792969cd743dc899a2a&c_uniq_tag=3YyQ6NHIhupqVZRAVZJjM_EgCKEJTn-ZXm9X5abIl1k&type=album', 'type': 'q', 'width': 320}, {'height': 900, 'url': 'https://sun9-87.userapi.com/impf/c638422/v638422002/4a599/vouHiwK1UO4.jpg?size=510x900&quality=96&crop=0,0,540,953&sign=57fe0f50f1c9deaeec8079a2d00266dc&c_uniq_tag=4itFBj84NkYD1UfyrVsFe8Hcl1TCjaJN_ooUDI3gAs8&type=album', 'type': 'r', 'width': 510}, {'height': 75, 'url': 'https://sun9-87.userapi.com/impf/c638422/v638422002/4a599/vouHiwK1UO4.jpg?size=42x75&quality=96&sign=16c2866ea5d9092726252b6ef91d8038&c_uniq_tag=24J3npkHr6dlRGG7Tt-BTRl6TJs4aMI0e9mWQ2pqP_g&type=album', 'type': 's', 'width': 42}, {'height': 604, 'url': 'https://sun9-87.userapi.com/impf/c638422/v638422002/4a599/vouHiwK1UO4.jpg?size=340x604&quality=96&sign=560226bb6f90c1f35e58f16b82f9185e&c_uniq_tag=DuV87jKTV1HtnvAofFjbObmrJ2CrzWwMzvuSDTnIXq4&type=album', 'type': 'x', 'width': 340}, {'height': 807, 'url': 'https://sun9-87.userapi.com/impf/c638422/v638422002/4a599/vouHiwK1UO4.jpg?size=454x807&quality=96&sign=e3b133b159d216b4450177656eb17002&c_uniq_tag=zr_rZZ5qSftxRzQfChY64WPfPwUND1OsPishrb7c8zU&type=album', 'type': 'y', 'width': 454}, {'height': 959, 'url': 'https://sun9-87.userapi.com/impf/c638422/v638422002/4a599/vouHiwK1UO4.jpg?size=540x959&quality=96&sign=dbaab45b8712ca907f300952280b7242&c_uniq_tag=Ljh93S5kwApMWFb-jPyTrmXbFHf0JMFOyYqOunQk5ts&type=album', 'type': 'z', 'width': 540}]",,
-7,1500487716,False,456242958,165642955,,"[{'height': 130, 'url': 'https://sun9-22.userapi.com/impf/c638422/v638422002/4a5b4/GWGkVaYtqxo.jpg?size=73x130&quality=96&sign=b100dce073bc0cd0d94b160242939b77&c_uniq_tag=ASDKopez0wcPQvNWUKy5aZqTfk6rTW8YKsroFBY8l0Y&type=album', 'type': 'm', 'width': 73}, {'height': 231, 'url': 'https://sun9-22.userapi.com/impf/c638422/v638422002/4a5b4/GWGkVaYtqxo.jpg?size=130x231&quality=96&sign=a2cc5433c5dc80cec617fd71313c58f4&c_uniq_tag=4TBMOwOzV9EDU9kHUJpH5dh9FwnSQtz1qwfM1LdWIAI&type=album', 'type': 'o', 'width': 130}, {'height': 355, 'url': 'https://sun9-22.userapi.com/impf/c638422/v638422002/4a5b4/GWGkVaYtqxo.jpg?size=200x355&quality=96&sign=6af52dd1f964c741dc71bd18bc436055&c_uniq_tag=tWWPHcLaWfb3FDck3JR8DQrgcwEeSk-PPEJUDvzZY_8&type=album', 'type': 'p', 'width': 200}, {'height': 568, 'url': 'https://sun9-22.userapi.com/impf/c638422/v638422002/4a5b4/GWGkVaYtqxo.jpg?size=320x568&quality=96&sign=ea41c8d9c6f060f156748a8e09552203&c_uniq_tag=GbTzhFGdlRxyGKUjgBQrD_bbhSZls6y8Oj5mtaCVI9k&type=album', 'type': 'q', 'width': 320}, {'height': 900, 'url': 'https://sun9-22.userapi.com/impf/c638422/v638422002/4a5b4/GWGkVaYtqxo.jpg?size=510x900&quality=96&crop=0,0,540,953&sign=5c69b26f21da2a6a29325a48a09f03e3&c_uniq_tag=0Fdjy_57tZtU-dn33G8WqeHuYP0F9J7BXHJIvkKBJG0&type=album', 'type': 'r', 'width': 510}, {'height': 75, 'url': 'https://sun9-22.userapi.com/impf/c638422/v638422002/4a5b4/GWGkVaYtqxo.jpg?size=42x75&quality=96&sign=b220c7bedd6b2cb34dbf2111292389dd&c_uniq_tag=FPQ3q364c1QrNlZ5nULsTpD-rEdJCKmbPAtrkEJmLr0&type=album', 'type': 's', 'width': 42}, {'height': 604, 'url': 'https://sun9-22.userapi.com/impf/c638422/v638422002/4a5b4/GWGkVaYtqxo.jpg?size=340x604&quality=96&sign=562e209b711fa419537991f51c64d498&c_uniq_tag=ktFPjdHneVnaUxZV1rm8TJXbAZnvmIMvy6vyXo7CC3o&type=album', 'type': 'x', 'width': 340}, {'height': 807, 'url': 'https://sun9-22.userapi.com/impf/c638422/v638422002/4a5b4/GWGkVaYtqxo.jpg?size=454x807&quality=96&sign=6e3920fba9dbd2056e3642f4b05556d9&c_uniq_tag=34ZrnRNQABdfZ-8YeHDwkquMS5klRH_0COdjk-8WpyI&type=album', 'type': 'y', 'width': 454}, {'height': 959, 'url': 'https://sun9-22.userapi.com/impf/c638422/v638422002/4a5b4/GWGkVaYtqxo.jpg?size=540x959&quality=96&sign=032fcd7c44140cf8c1ac046298007b2a&c_uniq_tag=AHtabk36FeIl36TiiNRk8hMUaEDnnUVPR8RnH71OGLI&type=album', 'type': 'z', 'width': 540}]",,
-7,1501859040,False,456243423,165642955,8968,"[{'height': 130, 'url': 'https://sun9-2.userapi.com/impf/c836529/v836529068/5852a/QV5OPqlpRzw.jpg?size=73x130&quality=96&sign=54ebdd0f1ba11a81d95fd92e63d95be0&c_uniq_tag=o9zC0lIy5O6ks9mllgdr-OiYr38vkbq-XMa5LDutyf4&type=album', 'type': 'm', 'width': 73}, {'height': 231, 'url': 'https://sun9-2.userapi.com/impf/c836529/v836529068/5852a/QV5OPqlpRzw.jpg?size=130x231&quality=96&sign=dd4917839370bcf9109e1f09fa933651&c_uniq_tag=688eAmtUrNRePepRq4Ivkd-bwWgh9NmZwpqrYcGySzA&type=album', 'type': 'o', 'width': 130}, {'height': 356, 'url': 'https://sun9-2.userapi.com/impf/c836529/v836529068/5852a/QV5OPqlpRzw.jpg?size=200x356&quality=96&sign=6897ea34c50a8ea6e2a31e07bd235842&c_uniq_tag=i66nLjGDO89bxd0vzBUUABC14iLCIBB6p2b3TEFFvLI&type=album', 'type': 'p', 'width': 200}, {'height': 569, 'url': 'https://sun9-2.userapi.com/impf/c836529/v836529068/5852a/QV5OPqlpRzw.jpg?size=320x569&quality=96&sign=df00f5100508e59512b34950b04ae9c8&c_uniq_tag=TfpOB9xBS7pvwiWBHTjEYNGRerexuP4D_RYtAF1MjKk&type=album', 'type': 'q', 'width': 320}, {'height': 900, 'url': 'https://sun9-2.userapi.com/impf/c836529/v836529068/5852a/QV5OPqlpRzw.jpg?size=510x900&quality=96&crop=0,0,1080,1906&sign=d4d10e534d63469c4d4e2261dcfbfc7b&c_uniq_tag=oUkgBHncmSQYvbYX5QRQVxd4Xk0nzKYEKToDM-7q964&type=album', 'type': 'r', 'width': 510}, {'height': 75, 'url': 'https://sun9-2.userapi.com/impf/c836529/v836529068/5852a/QV5OPqlpRzw.jpg?size=42x75&quality=96&sign=729af788f1374862f361443d28c927cd&c_uniq_tag=jrkmRVgsmV5bBSdzAHdVvQUh8yE77Dk8dmeyqzJcr1s&type=album', 'type': 's', 'width': 42}, {'height': 1920, 'url': 'https://sun9-2.userapi.com/impf/c836529/v836529068/5852a/QV5OPqlpRzw.jpg?size=1080x1920&quality=96&sign=4cc42f34a1ff1b6c076e4e4bdf0a663b&c_uniq_tag=dFLkUFoES8HzLaM60RS2-3A5fv44aNoGKcjMa3HJAuc&type=album', 'type': 'w', 'width': 1080}, {'height': 604, 'url': 'https://sun9-2.userapi.com/impf/c836529/v836529068/5852a/QV5OPqlpRzw.jpg?size=340x604&quality=96&sign=6f1fc89a99a3aae9388290a70a42b61c&c_uniq_tag=NWmE3yRUfmzFli4eJe7lk6oE33wkX1QdPS2l7ZXhGQI&type=album', 'type': 'x', 'width': 340}, {'height': 807, 'url': 'https://sun9-2.userapi.com/impf/c836529/v836529068/5852a/QV5OPqlpRzw.jpg?size=454x807&quality=96&sign=41f99a64a14924ec708ae2d47de5e212&c_uniq_tag=wxkoHc2UK_8t1kX8dsyep1IBjtEFzDWJTCSeghUnk24&type=album', 'type': 'y', 'width': 454}, {'height': 1080, 'url': 'https://sun9-2.userapi.com/impf/c836529/v836529068/5852a/QV5OPqlpRzw.jpg?size=607x1080&quality=96&sign=f59083f08d85efabfe8ea0b36f8997a5&c_uniq_tag=POG4hcF4AzSUXcRy1Zsl8wesLUauUqHTO8Zw-OqqWro&type=album', 'type': 'z', 'width': 607}]",,
-7,1503570626,False,456244079,165642955,8999,"[{'height': 130, 'url': 'https://sun9-56.userapi.com/impf/c841432/v841432369/15f84/FfkUgDsBrQ0.jpg?size=97x130&quality=96&sign=c17e082e75ddd9efed70e19d2812cbab&c_uniq_tag=EPSNYyuSArHd_CmZLuIuBkaKWZG3Pe62EzEkdqPJPdI&type=album', 'type': 'm', 'width': 97}, {'height': 174, 'url': 'https://sun9-56.userapi.com/impf/c841432/v841432369/15f84/FfkUgDsBrQ0.jpg?size=130x174&quality=96&sign=a1471647fccf77f0f63eb42359b83761&c_uniq_tag=qdSDEmo3XdeypqLwJn20mkgMD3yycczuClXZAqvy15E&type=album', 'type': 'o', 'width': 130}, {'height': 267, 'url': 'https://sun9-56.userapi.com/impf/c841432/v841432369/15f84/FfkUgDsBrQ0.jpg?size=200x267&quality=96&sign=cb25f32557c8de8d3ad4be468433c1a4&c_uniq_tag=8WiyeVnNdWpTZtCYcBLPgnFTunVaEFfLCTzcDxRLNqo&type=album', 'type': 'p', 'width': 200}, {'height': 427, 'url': 'https://sun9-56.userapi.com/impf/c841432/v841432369/15f84/FfkUgDsBrQ0.jpg?size=320x427&quality=96&sign=0ee3278c96ffa4f555cae23c8377b9b1&c_uniq_tag=iOoy78DcBcPIZb9toaByItWB3t-D9ZRkr_nB87oTa1Q&type=album', 'type': 'q', 'width': 320}, {'height': 681, 'url': 'https://sun9-56.userapi.com/impf/c841432/v841432369/15f84/FfkUgDsBrQ0.jpg?size=510x681&quality=96&sign=9243ad6196d4a194c9a4400d93c7c056&c_uniq_tag=3zejwYv9afkKsSp-3rcZ9WbB13vjdKxbvOZU5nqg61Q&type=album', 'type': 'r', 'width': 510}, {'height': 75, 'url': 'https://sun9-56.userapi.com/impf/c841432/v841432369/15f84/FfkUgDsBrQ0.jpg?size=56x75&quality=96&sign=a5067adf2de122da6c3167d30a866a1c&c_uniq_tag=NOJ4RNm7haPV94fhZ1GWBuzgdM8Kzr5-dCGpbbsC26Q&type=album', 'type': 's', 'width': 56}, {'height': 604, 'url': 'https://sun9-56.userapi.com/impf/c841432/v841432369/15f84/FfkUgDsBrQ0.jpg?size=452x604&quality=96&sign=3d73c2701e9bf679fdebc053b08fce0e&c_uniq_tag=PuqmFpF-3P2VwWsVDAszJFusx2D5bjsf5HGr7ZuxOxc&type=album', 'type': 'x', 'width': 452}, {'height': 807, 'url': 'https://sun9-56.userapi.com/impf/c841432/v841432369/15f84/FfkUgDsBrQ0.jpg?size=604x807&quality=96&sign=149176413c5c04fc711fe7ac1dd249d6&c_uniq_tag=UiCjs4I4SvQ-PcXLrEidu8xiTvVvmKt_FdOZVz0R8dI&type=album', 'type': 'y', 'width': 604}, {'height': 960, 'url': 'https://sun9-56.userapi.com/impf/c841432/v841432369/15f84/FfkUgDsBrQ0.jpg?size=719x960&quality=96&sign=d3e8271ceda207c635357bca39ae4ce6&c_uniq_tag=AiLn6ZvmydUzCi2lEDl_F4H6s6jPlztveMtQd766tOs&type=album', 'type': 'z', 'width': 719}]",,
-7,1503570744,False,456244080,165642955,,"[{'height': 97, 'url': 'https://sun9-81.userapi.com/impf/c841432/v841432369/15f8d/aaPLoWhz2ao.jpg?size=130x97&quality=96&sign=0cdcda6c7f28a8a101d8f2cd7f6f19c3&c_uniq_tag=DRYqbuCCncAhDsnqKj6wzhFpDNFERoWn1I46aktfKvM&type=album', 'type': 'm', 'width': 130}, {'height': 97, 'url': 'https://sun9-81.userapi.com/impf/c841432/v841432369/15f8d/aaPLoWhz2ao.jpg?size=130x97&quality=96&sign=0cdcda6c7f28a8a101d8f2cd7f6f19c3&c_uniq_tag=DRYqbuCCncAhDsnqKj6wzhFpDNFERoWn1I46aktfKvM&type=album', 'type': 'o', 'width': 130}, {'height': 150, 'url': 'https://sun9-81.userapi.com/impf/c841432/v841432369/15f8d/aaPLoWhz2ao.jpg?size=200x150&quality=96&sign=e42c86d596ee24b1f26392afacf807c7&c_uniq_tag=iMux4wLBp9HIcruEGGsnrLJvbIZeWFHCU3XEiKv5Meg&type=album', 'type': 'p', 'width': 200}, {'height': 240, 'url': 'https://sun9-81.userapi.com/impf/c841432/v841432369/15f8d/aaPLoWhz2ao.jpg?size=320x240&quality=96&sign=0d4bfd1a755be5f8852bc688538190a8&c_uniq_tag=KcUKh6sTQOhlD8hna9RcKWXIy71P6JwKbUbFqT5rOOk&type=album', 'type': 'q', 'width': 320}, {'height': 382, 'url': 'https://sun9-81.userapi.com/impf/c841432/v841432369/15f8d/aaPLoWhz2ao.jpg?size=510x382&quality=96&sign=dfed9efdb67b8b891282e5f8d6c549eb&c_uniq_tag=5bj_9fV-b6u_c1ZleNNEZlSzYPNoBHC_X4UTW-9GcW4&type=album', 'type': 'r', 'width': 510}, {'height': 56, 'url': 'https://sun9-81.userapi.com/impf/c841432/v841432369/15f8d/aaPLoWhz2ao.jpg?size=75x56&quality=96&sign=f9306b8d872411a3f301128b33abac0c&c_uniq_tag=XsxJU1kFejaUIKxPjW691dyP5_kzCPMr40QWU1Ol1jc&type=album', 'type': 's', 'width': 75}, {'height': 453, 'url': 'https://sun9-81.userapi.com/impf/c841432/v841432369/15f8d/aaPLoWhz2ao.jpg?size=604x453&quality=96&sign=caca8a943fff9f548059e6b33a4a3d3d&c_uniq_tag=Vl9feANEJ2AnZDocO3ShbpakU3k1X8YihQAJeLWfuS0&type=album', 'type': 'x', 'width': 604}, {'height': 605, 'url': 'https://sun9-81.userapi.com/impf/c841432/v841432369/15f8d/aaPLoWhz2ao.jpg?size=807x605&quality=96&sign=942fc1afc1a1c532f1702658f33badba&c_uniq_tag=VIFnv6GFVPw2l9n7H3mNAW43GH7dPND37-cFubscmNE&type=album', 'type': 'y', 'width': 807}, {'height': 720, 'url': 'https://sun9-81.userapi.com/impf/c841432/v841432369/15f8d/aaPLoWhz2ao.jpg?size=960x720&quality=96&sign=91c21446d9560048e12ec543ce869ace&c_uniq_tag=gev7UGGHeD8Uimy9gyoIemS0N5jx0CcbdUUJAvfkZ1k&type=album', 'type': 'z', 'width': 960}]",,
-7,1503850047,False,456244185,165642955,9016,"[{'height': 130, 'url': 'https://sun9-66.userapi.com/impf/c638724/v638724226/750a9/KE63uQHIcjU.jpg?size=97x130&quality=96&sign=ce18a88d1c3b07d5f5a4fdf1abac8c0f&c_uniq_tag=MOrFngzSOp11IZzqTAJtkBPTmaO8GprcMcpt6Mq6EZ4&type=album', 'type': 'm', 'width': 97}, {'height': 173, 'url': 'https://sun9-66.userapi.com/impf/c638724/v638724226/750a9/KE63uQHIcjU.jpg?size=130x173&quality=96&sign=2b26ba0d03d48902033248707844d745&c_uniq_tag=lSBFUr8dT4VySiev0aXkucSAbjOC6p5Z1j3LK8rtJWI&type=album', 'type': 'o', 'width': 130}, {'height': 267, 'url': 'https://sun9-66.userapi.com/impf/c638724/v638724226/750a9/KE63uQHIcjU.jpg?size=200x267&quality=96&sign=f238e79725156a5d0e13cb8d045df1ad&c_uniq_tag=Deq35hHTIbjqYzvBC2n8zveCg7BRJbv5H4kEEU-YFLw&type=album', 'type': 'p', 'width': 200}, {'height': 427, 'url': 'https://sun9-66.userapi.com/impf/c638724/v638724226/750a9/KE63uQHIcjU.jpg?size=320x427&quality=96&sign=b23ad4d856fcf7cee3b51932af69591c&c_uniq_tag=lmodHjAfUgkiyRCOqcs-CywzcsMHzBwWq-ew06PDdTM&type=album', 'type': 'q', 'width': 320}, {'height': 680, 'url': 'https://sun9-66.userapi.com/impf/c638724/v638724226/750a9/KE63uQHIcjU.jpg?size=510x680&quality=96&sign=914afdf906bbc0623fdb4404b7dab39d&c_uniq_tag=dvZ5ApLzzOGvB-6jOmnc829kzYgAqx3S7acp-A9e3eY&type=album', 'type': 'r', 'width': 510}, {'height': 75, 'url': 'https://sun9-66.userapi.com/impf/c638724/v638724226/750a9/KE63uQHIcjU.jpg?size=56x75&quality=96&sign=fe1ec391298dd348f868442e8c2573dd&c_uniq_tag=SRmFCBgsF5GEdJA93s9-345xZPGk9brpJLW3tb8lzYo&type=album', 'type': 's', 'width': 56}, {'height': 604, 'url': 'https://sun9-66.userapi.com/impf/c638724/v638724226/750a9/KE63uQHIcjU.jpg?size=453x604&quality=96&sign=3a074b732d6a7728636c5dd29dea904a&c_uniq_tag=a5yf-jh8aCHrDW0e6PpwEkzjiw6hNGP4vAAARBkQoY8&type=album', 'type': 'x', 'width': 453}, {'height': 807, 'url': 'https://sun9-66.userapi.com/impf/c638724/v638724226/750a9/KE63uQHIcjU.jpg?size=605x807&quality=96&sign=579c0daaf07ac018f6b2fea7f82af07a&c_uniq_tag=09p-kLRvEkhoxCIyG-bVKSLttyik2M3eU99S-BAD1OA&type=album', 'type': 'y', 'width': 605}, {'height': 1040, 'url': 'https://sun9-66.userapi.com/impf/c638724/v638724226/750a9/KE63uQHIcjU.jpg?size=780x1040&quality=96&sign=592444bf44c3fef5af434fe4692dfa0e&c_uniq_tag=mGeMYb2uKzVYpMDqQcpyg9ySkgLgI1tbv_szQD55m3k&type=album', 'type': 'z', 'width': 780}]",,
-7,1504023148,False,456244283,165642955,9030,"[{'height': 97, 'url': 'https://sun9-6.userapi.com/impf/c638724/v638724260/67bb4/lBpkI4j8MAw.jpg?size=130x97&quality=96&sign=6bc26b1e0cd644672a14b8ceb6e484db&c_uniq_tag=g7j303lcH5OCQ_8vIa64uGDk2vpp4YeWul_OyR4DhnI&type=album', 'type': 'm', 'width': 130}, {'height': 97, 'url': 'https://sun9-6.userapi.com/impf/c638724/v638724260/67bb4/lBpkI4j8MAw.jpg?size=130x97&quality=96&sign=6bc26b1e0cd644672a14b8ceb6e484db&c_uniq_tag=g7j303lcH5OCQ_8vIa64uGDk2vpp4YeWul_OyR4DhnI&type=album', 'type': 'o', 'width': 130}, {'height': 150, 'url': 'https://sun9-6.userapi.com/impf/c638724/v638724260/67bb4/lBpkI4j8MAw.jpg?size=200x150&quality=96&sign=05fdb5c8bc98818e75f96f9a4b80fa0e&c_uniq_tag=lWKn-ebpK09I8-_zXwXliRnR46vzE9VEpf8zzv2C8zY&type=album', 'type': 'p', 'width': 200}, {'height': 240, 'url': 'https://sun9-6.userapi.com/impf/c638724/v638724260/67bb4/lBpkI4j8MAw.jpg?size=320x240&quality=96&sign=26ead88c91414c40897a337d68b416bb&c_uniq_tag=lQHECqqmO8VT7LqBF4y37_rMuKqhHgcShrVMBaL151w&type=album', 'type': 'q', 'width': 320}, {'height': 382, 'url': 'https://sun9-6.userapi.com/impf/c638724/v638724260/67bb4/lBpkI4j8MAw.jpg?size=510x382&quality=96&sign=a29ac6ccbdbcfc0b525ef39e21375359&c_uniq_tag=i1-gdGiQKnjsKcvGI8JnmPAV4j3mzmb1Xzxa7KfbAw8&type=album', 'type': 'r', 'width': 510}, {'height': 56, 'url': 'https://sun9-6.userapi.com/impf/c638724/v638724260/67bb4/lBpkI4j8MAw.jpg?size=75x56&quality=96&sign=71fd2ec5c5005846126b3c3caa6cef0d&c_uniq_tag=eZiemAWkwuOKjkLGo9-eV2IvLAHJuIuo9U6stIbzOGY&type=album', 'type': 's', 'width': 75}, {'height': 972, 'url': 'https://sun9-6.userapi.com/impf/c638724/v638724260/67bb4/lBpkI4j8MAw.jpg?size=1296x972&quality=96&sign=cc443398dfe7eef6f20acd5262a55b02&c_uniq_tag=4lzFJR8UQfOidXXrYsUPG_Lfe-A_mMZ2qhponscPV_k&type=album', 'type': 'w', 'width': 1296}, {'height': 453, 'url': 'https://sun9-6.userapi.com/impf/c638724/v638724260/67bb4/lBpkI4j8MAw.jpg?size=604x453&quality=96&sign=8ab86a4bd7e027fa8baf102d09066e7d&c_uniq_tag=EM12YPJYGVIMwhetoCJQM4FHKrlcR5V6TU1_JlR7T-w&type=album', 'type': 'x', 'width': 604}, {'height': 605, 'url': 'https://sun9-6.userapi.com/impf/c638724/v638724260/67bb4/lBpkI4j8MAw.jpg?size=807x605&quality=96&sign=6ae1d256072a4cda772d6dc623182af3&c_uniq_tag=wE5mjC9yDOQFgalYKNPE-5XH3Xw1jFamShlc_B3ai5w&type=album', 'type': 'y', 'width': 807}, {'height': 960, 'url': 'https://sun9-6.userapi.com/impf/c638724/v638724260/67bb4/lBpkI4j8MAw.jpg?size=1280x960&quality=96&sign=3ddd12963b9449eb5c262a7664f70b64&c_uniq_tag=iSAj6CVWCOhEsOjTkK0iNcy5oyo9Q3pBM2WzIr8QJ38&type=album', 'type': 'z', 'width': 1280}]",,
-7,1504254597,False,456244436,165642955,,"[{'height': 130, 'url': 'https://sun9-33.userapi.com/impf/c638725/v638725095/68cd4/bHUlZmVMRtA.jpg?size=110x130&quality=96&sign=623ebe6dac1dce27abd57f26fdeed4bf&c_uniq_tag=AQpdohm-2IJRx3O8K7XNZDjUJFGfBlRNf8Gk6gSz4nE&type=album', 'type': 'm', 'width': 110}, {'height': 153, 'url': 'https://sun9-33.userapi.com/impf/c638725/v638725095/68cd4/bHUlZmVMRtA.jpg?size=130x153&quality=96&sign=8b7a7104c6226d8232e7769803c78d86&c_uniq_tag=9ftSFuBLp3NratcxhF6YXnrb8ncrJBzKgbf-CTfH59c&type=album', 'type': 'o', 'width': 130}, {'height': 236, 'url': 'https://sun9-33.userapi.com/impf/c638725/v638725095/68cd4/bHUlZmVMRtA.jpg?size=200x236&quality=96&sign=6d5e5929f40a60843ecabb85711cdc09&c_uniq_tag=1SiB_rhTkUuW2pERgJxGeobrnMEb6jv8PMQPdwUmda4&type=album', 'type': 'p', 'width': 200}, {'height': 377, 'url': 'https://sun9-33.userapi.com/impf/c638725/v638725095/68cd4/bHUlZmVMRtA.jpg?size=320x377&quality=96&sign=f33ed272257667791694df3dd54d710b&c_uniq_tag=nFf985wZSqF64XJqN3_417jExYibIKcpe-lkt17jy4I&type=album', 'type': 'q', 'width': 320}, {'height': 601, 'url': 'https://sun9-33.userapi.com/impf/c638725/v638725095/68cd4/bHUlZmVMRtA.jpg?size=510x601&quality=96&sign=75765d66f1aa925b18e032329e26d854&c_uniq_tag=mCZ5rbkc3RZ0X-pxny_F6bnXnUmNWrgq72fYZHqq_S4&type=album', 'type': 'r', 'width': 510}, {'height': 75, 'url': 'https://sun9-33.userapi.com/impf/c638725/v638725095/68cd4/bHUlZmVMRtA.jpg?size=64x75&quality=96&sign=1aab3e101076c05bd9994681f581311c&c_uniq_tag=JMB41LA4jf3wivjwovjFY0w5X8V7TYhYFKtOaXs-cXw&type=album', 'type': 's', 'width': 64}, {'height': 604, 'url': 'https://sun9-33.userapi.com/impf/c638725/v638725095/68cd4/bHUlZmVMRtA.jpg?size=513x604&quality=96&sign=8b6348087bb032e8a55d1fba9a185767&c_uniq_tag=QtM4-lwrvSnQhMue-mDdA0gHBwLAA3-KbPQ9TlthERA&type=album', 'type': 'x', 'width': 513}, {'height': 807, 'url': 'https://sun9-33.userapi.com/impf/c638725/v638725095/68cd4/bHUlZmVMRtA.jpg?size=685x807&quality=96&sign=a31e57ffb21cc49df68d74277cb4e51c&c_uniq_tag=rf3PctXlE3yuYzkEezxZIwV2cKH5kE1LMWKXbc0knJY&type=album', 'type': 'y', 'width': 685}, {'height': 1080, 'url': 'https://sun9-33.userapi.com/impf/c638725/v638725095/68cd4/bHUlZmVMRtA.jpg?size=917x1080&quality=96&sign=f60fe137ca834c832a6b28318e68be54&c_uniq_tag=JEbOETcUUJ7jefni4hapPb_urJNBlPvcI9vY6brQyW8&type=album', 'type': 'z', 'width': 917}]",,
-7,1506106310,False,456245135,165642955,9071,"[{'height': 130, 'url': 'https://sun9-30.userapi.com/impf/c639229/v639229923/5062c/KocZV5B8tbk.jpg?size=96x130&quality=96&sign=e883c33bd3f89b4cdbfbd460a2b9f627&c_uniq_tag=qFaOiqP3PQqbjbp_9TPIA07CghuSrg7HA4wJ3_2rSPA&type=album', 'type': 'm', 'width': 96}, {'height': 176, 'url': 'https://sun9-30.userapi.com/impf/c639229/v639229923/5062c/KocZV5B8tbk.jpg?size=130x176&quality=96&sign=65ef84725b18191c8e66e5f70879334f&c_uniq_tag=KfVY94DnLdp7SLFZftaoRAMZG8LVVcw-dgY1MjxOWg4&type=album', 'type': 'o', 'width': 130}, {'height': 271, 'url': 'https://sun9-30.userapi.com/impf/c639229/v639229923/5062c/KocZV5B8tbk.jpg?size=200x271&quality=96&sign=a6f2336fa47fa15bb08e153e681a362a&c_uniq_tag=7SDw4g6HXEAIRCrRLpDwiM-LH_9tK9fxCc22hiGB1yk&type=album', 'type': 'p', 'width': 200}, {'height': 433, 'url': 'https://sun9-30.userapi.com/impf/c639229/v639229923/5062c/KocZV5B8tbk.jpg?size=320x433&quality=96&sign=aea8a8bbc7a35d799abf3a7a4361509d&c_uniq_tag=0OunhsAQfLOKQ2uz0ttWAalLE0tfUayvoNrZxnyK59o&type=album', 'type': 'q', 'width': 320}, {'height': 690, 'url': 'https://sun9-30.userapi.com/impf/c639229/v639229923/5062c/KocZV5B8tbk.jpg?size=510x690&quality=96&sign=eed36100f7523dac58ad52582efa6db9&c_uniq_tag=1B26GP2PAchAaJfeBQDUVF3uhapPKPOeBVtbScr2XI4&type=album', 'type': 'r', 'width': 510}, {'height': 75, 'url': 'https://sun9-30.userapi.com/impf/c639229/v639229923/5062c/KocZV5B8tbk.jpg?size=55x75&quality=96&sign=ec3d54d01ff14e5bfe20e0db69b504bd&c_uniq_tag=sleu4tWqXk-vQRrJyNSXVRXFp5pYlOI07xqBWEoLvzM&type=album', 'type': 's', 'width': 55}, {'height': 604, 'url': 'https://sun9-30.userapi.com/impf/c639229/v639229923/5062c/KocZV5B8tbk.jpg?size=446x604&quality=96&sign=9f1b17a40d38aea9407ee849318f581b&c_uniq_tag=6Xsgam2E-L-qiorbg4J5lOfnSupvuVtfsLEFL2Hyg_w&type=album', 'type': 'x', 'width': 446}, {'height': 807, 'url': 'https://sun9-30.userapi.com/impf/c639229/v639229923/5062c/KocZV5B8tbk.jpg?size=596x807&quality=96&sign=f143372d420af18e7baedbe28e1ac010&c_uniq_tag=5Tx1D18qIb6KsKpOGrP7PL_-6LdI8Cq3VVm24znAqQo&type=album', 'type': 'y', 'width': 596}, {'height': 866, 'url': 'https://sun9-30.userapi.com/impf/c639229/v639229923/5062c/KocZV5B8tbk.jpg?size=640x866&quality=96&sign=195cef3f708e03bd8bccc50acc09a968&c_uniq_tag=b518xIb-eP85vtJj6upWrAasdN3PGvA7heylJlQX0-M&type=album', 'type': 'z', 'width': 640}]",,
-7,1506351949,False,456245185,165642955,9075,"[{'height': 97, 'url': 'https://sun9-48.userapi.com/impf/c837437/v837437316/756a5/Ge0dNdoVmaY.jpg?size=130x97&quality=96&sign=f7f01177a87086efd601df763993a4b0&c_uniq_tag=rA8e9dDz9sqtNN2rVdEWE7WdJzyDD4ma45O7CamA2_A&type=album', 'type': 'm', 'width': 130}, {'height': 97, 'url': 'https://sun9-48.userapi.com/impf/c837437/v837437316/756a5/Ge0dNdoVmaY.jpg?size=130x97&quality=96&sign=f7f01177a87086efd601df763993a4b0&c_uniq_tag=rA8e9dDz9sqtNN2rVdEWE7WdJzyDD4ma45O7CamA2_A&type=album', 'type': 'o', 'width': 130}, {'height': 150, 'url': 'https://sun9-48.userapi.com/impf/c837437/v837437316/756a5/Ge0dNdoVmaY.jpg?size=200x150&quality=96&sign=f819fbe4e3bceaf1c3e560f3545e55f2&c_uniq_tag=kygrYrI97hhrfaG5bJ-GXT9NlekNXClJQp1AbcQtsQ8&type=album', 'type': 'p', 'width': 200}, {'height': 240, 'url': 'https://sun9-48.userapi.com/impf/c837437/v837437316/756a5/Ge0dNdoVmaY.jpg?size=320x240&quality=96&sign=e5b7b7c53d7c10cc611f9ad92a7f7fd9&c_uniq_tag=hO8DekWpFydQIYB-XcYBOGCEStD8WDe3StIzhCB3zpw&type=album', 'type': 'q', 'width': 320}, {'height': 382, 'url': 'https://sun9-48.userapi.com/impf/c837437/v837437316/756a5/Ge0dNdoVmaY.jpg?size=510x382&quality=96&sign=6a24bcd6bba57f79423bdba31b926eae&c_uniq_tag=MQlwOl4x-gNuHwkZeMxOzhGN_1-dRu2WWDGZDMR9i_w&type=album', 'type': 'r', 'width': 510}, {'height': 56, 'url': 'https://sun9-48.userapi.com/impf/c837437/v837437316/756a5/Ge0dNdoVmaY.jpg?size=75x56&quality=96&sign=8c4c29d083a680afc2cc319b388dc0e3&c_uniq_tag=d2uqh4UrzwZjLmpRYzXnpveZnga4yNT6YZhCewm3QAk&type=album', 'type': 's', 'width': 75}, {'height': 453, 'url': 'https://sun9-48.userapi.com/impf/c837437/v837437316/756a5/Ge0dNdoVmaY.jpg?size=604x453&quality=96&sign=7fd2c28585ec278828eda0386f0e1e05&c_uniq_tag=cFyGjk8VsIAgtKLuBAofltRgMj2ZznNPi_B7dT_bAAQ&type=album', 'type': 'x', 'width': 604}, {'height': 605, 'url': 'https://sun9-48.userapi.com/impf/c837437/v837437316/756a5/Ge0dNdoVmaY.jpg?size=807x605&quality=96&sign=375e06e54e9b9c8d47369c513057c5fb&c_uniq_tag=uFkzgwrSaslqrClys-CRuzZ7RGkTdNc7mO2TOkDW21k&type=album', 'type': 'y', 'width': 807}, {'height': 810, 'url': 'https://sun9-48.userapi.com/impf/c837437/v837437316/756a5/Ge0dNdoVmaY.jpg?size=1080x810&quality=96&sign=fe1dfa573f59aeb6d1a4cfeb3eab4830&c_uniq_tag=puvo5ml_SDGB1OCO2bo20B25k5s5P6Itklp5-yrk3OU&type=album', 'type': 'z', 'width': 1080}]",,
-7,1507401539,False,456245473,165642955,9090,"[{'height': 97, 'url': 'https://sun9-82.userapi.com/impf/c639322/v639322922/58340/BEdZ3tQi3F4.jpg?size=130x97&quality=96&sign=cc574d0044e86968c4ca6dd92bb7cc86&c_uniq_tag=Zwb8cFo2Pa1206IdDeJvqM2fc_f8tJ7ktGocgfHdHUQ&type=album', 'type': 'm', 'width': 130}, {'height': 97, 'url': 'https://sun9-82.userapi.com/impf/c639322/v639322922/58340/BEdZ3tQi3F4.jpg?size=130x97&quality=96&sign=cc574d0044e86968c4ca6dd92bb7cc86&c_uniq_tag=Zwb8cFo2Pa1206IdDeJvqM2fc_f8tJ7ktGocgfHdHUQ&type=album', 'type': 'o', 'width': 130}, {'height': 150, 'url': 'https://sun9-82.userapi.com/impf/c639322/v639322922/58340/BEdZ3tQi3F4.jpg?size=200x150&quality=96&sign=ca2302c5e929992e2fb4d4e27a622323&c_uniq_tag=C-VW3oGAMrbZumNtC5cOzNcxegTgV-ROSZUkXPRxYeQ&type=album', 'type': 'p', 'width': 200}, {'height': 240, 'url': 'https://sun9-82.userapi.com/impf/c639322/v639322922/58340/BEdZ3tQi3F4.jpg?size=320x240&quality=96&sign=30466f3e12c30d58bbdcb4c844a9f706&c_uniq_tag=bjxEA8whn1IErz7BNiU35UqvcJTElQ5WyTe893HzksA&type=album', 'type': 'q', 'width': 320}, {'height': 382, 'url': 'https://sun9-82.userapi.com/impf/c639322/v639322922/58340/BEdZ3tQi3F4.jpg?size=510x382&quality=96&sign=a15acf5c023fe6ba4a140851386e6240&c_uniq_tag=Zt9vRuDD0losLrOR5JP5CFBEHjnSbqjF2T94I_okFaA&type=album', 'type': 'r', 'width': 510}, {'height': 56, 'url': 'https://sun9-82.userapi.com/impf/c639322/v639322922/58340/BEdZ3tQi3F4.jpg?size=75x56&quality=96&sign=bbf80fa55d064db27864518750a82f87&c_uniq_tag=-mgUxWU8J-jvetRQA7oM89vGjTLUmNjcYSy20xdv0bE&type=album', 'type': 's', 'width': 75}, {'height': 453, 'url': 'https://sun9-82.userapi.com/impf/c639322/v639322922/58340/BEdZ3tQi3F4.jpg?size=604x453&quality=96&sign=6e166175ab510d29088bd0f628307013&c_uniq_tag=ZadGKKSJIzdl01EUXHQ_Dy_lPJFFhKH3jUN5fN5FS7s&type=album', 'type': 'x', 'width': 604}, {'height': 605, 'url': 'https://sun9-82.userapi.com/impf/c639322/v639322922/58340/BEdZ3tQi3F4.jpg?size=807x605&quality=96&sign=a3070e8c0ccdce1edb01413086fecd75&c_uniq_tag=qYXt2ezK6VggJhrxc_jl2RDwX-NzXQYgEvvKWkjGTHI&type=album', 'type': 'y', 'width': 807}, {'height': 720, 'url': 'https://sun9-82.userapi.com/impf/c639322/v639322922/58340/BEdZ3tQi3F4.jpg?size=960x720&quality=96&sign=d94c7b11d85eb7003e2b4c223157cf95&c_uniq_tag=g79JDwoLICErXhNfRE4nCfEHlU6tPB8RTSAMyVVQlG8&type=album', 'type': 'z', 'width': 960}]",,
-7,1509640324,False,456246286,165642955,9135,"[{'height': 130, 'url': 'https://sun9-51.userapi.com/impf/c837139/v837139371/61699/SNmOtagZCow.jpg?size=97x130&quality=96&sign=a87ea8d7c577f6a51a3e366ce3c85cc8&c_uniq_tag=2SJg-6sYBcoTX3v4C11N6pnnc3GqNJyMOBm0FOWE-qQ&type=album', 'type': 'm', 'width': 97}, {'height': 173, 'url': 'https://sun9-51.userapi.com/impf/c837139/v837139371/61699/SNmOtagZCow.jpg?size=130x173&quality=96&sign=f5d930cae5846f1e48b47696489c8cf9&c_uniq_tag=K-TFmo4b29-zcfsW9XVRxRdqMVU6-dzjSRFSHIRvP64&type=album', 'type': 'o', 'width': 130}, {'height': 267, 'url': 'https://sun9-51.userapi.com/impf/c837139/v837139371/61699/SNmOtagZCow.jpg?size=200x267&quality=96&sign=8b42ea83ba259b79791f1e8531908b28&c_uniq_tag=QytqIGGOz97NxNdLiGaCjzGScCe_6dj7V3mJAPphdFY&type=album', 'type': 'p', 'width': 200}, {'height': 427, 'url': 'https://sun9-51.userapi.com/impf/c837139/v837139371/61699/SNmOtagZCow.jpg?size=320x427&quality=96&sign=cca08b8c8479c5a679b85fc5d431dec8&c_uniq_tag=PYpaMLwa9aFAJjJCC3vo11Ff8Avt6z6CVznXe83P-34&type=album', 'type': 'q', 'width': 320}, {'height': 680, 'url': 'https://sun9-51.userapi.com/impf/c837139/v837139371/61699/SNmOtagZCow.jpg?size=510x680&quality=96&sign=ad41b0cc396e2449f27161a5318de8fd&c_uniq_tag=wEi55GOQn_NEMNIRJsm5QfFx7JGYfzjhU75RmkK0my0&type=album', 'type': 'r', 'width': 510}, {'height': 75, 'url': 'https://sun9-51.userapi.com/impf/c837139/v837139371/61699/SNmOtagZCow.jpg?size=56x75&quality=96&sign=8412b87c61325b1216da5f4ab1769f60&c_uniq_tag=eXmlL2OrRTo5LuE_AtylF-UBkVQ-f90kI_gpxq1KxRY&type=album', 'type': 's', 'width': 56}, {'height': 1280, 'url': 'https://sun9-51.userapi.com/impf/c837139/v837139371/61699/SNmOtagZCow.jpg?size=960x1280&quality=96&sign=08c07a7938f447d760ba4107c95fa059&c_uniq_tag=Jr8aEcVvfdOa1o7LGopV6QDSQKMlMuf_cw1_Y0uSMec&type=album', 'type': 'w', 'width': 960}, {'height': 604, 'url': 'https://sun9-51.userapi.com/impf/c837139/v837139371/61699/SNmOtagZCow.jpg?size=453x604&quality=96&sign=1a77629edbf16e1c2e1fe8055382c201&c_uniq_tag=kanDT39nXCAuJL-gqQ-wCily9W1Uz2WARtY_PtpgcL8&type=album', 'type': 'x', 'width': 453}, {'height': 807, 'url': 'https://sun9-51.userapi.com/impf/c837139/v837139371/61699/SNmOtagZCow.jpg?size=605x807&quality=96&sign=2b0267d8976f9dd4bbf87ce710bb5053&c_uniq_tag=wRzWJI55oeMpY053kie2y_t9JnoNzlnZUmuaw6pbFD0&type=album', 'type': 'y', 'width': 605}, {'height': 1080, 'url': 'https://sun9-51.userapi.com/impf/c837139/v837139371/61699/SNmOtagZCow.jpg?size=810x1080&quality=96&sign=1e7a682ae55b238e7f8dd538e2b905bc&c_uniq_tag=VwWYFe-nH65i2nP2AyU3WOZjOsrvZRtusNua406H3AE&type=album', 'type': 'z', 'width': 810}]",,
-7,1513354954,False,456247556,165642955,9180,"[{'height': 130, 'url': 'https://sun9-4.userapi.com/impf/c840135/v840135967/538a8/JPDbnXsTQaY.jpg?size=97x130&quality=96&sign=d53f6018296ce4a617de73e5be019b1f&c_uniq_tag=t7hPrZApMKZ2naQschVgWjV4ge-3NLNFoPU5vtabYFs&type=album', 'type': 'm', 'width': 97}, {'height': 173, 'url': 'https://sun9-4.userapi.com/impf/c840135/v840135967/538a8/JPDbnXsTQaY.jpg?size=130x173&quality=96&sign=2f0de5c0d7051b700d1d5fc9f409044e&c_uniq_tag=MGMIBw0cc6XItrBQN7aHbmKjrjOe1f9nge4JZ7lRojs&type=album', 'type': 'o', 'width': 130}, {'height': 267, 'url': 'https://sun9-4.userapi.com/impf/c840135/v840135967/538a8/JPDbnXsTQaY.jpg?size=200x267&quality=96&sign=79d78f522cc2444255c5e0d305d5b543&c_uniq_tag=d3eNH3fsHTeNmS4b_HrVC3dHtYQ4xfoMjL1VKks-rdg&type=album', 'type': 'p', 'width': 200}, {'height': 427, 'url': 'https://sun9-4.userapi.com/impf/c840135/v840135967/538a8/JPDbnXsTQaY.jpg?size=320x427&quality=96&sign=9a4b4db5b720e737ce384ded204b986d&c_uniq_tag=Z5Vc7VvHErad9gm8_vVV2BJHm5WS-cC6liFHWJL0W5g&type=album', 'type': 'q', 'width': 320}, {'height': 680, 'url': 'https://sun9-4.userapi.com/impf/c840135/v840135967/538a8/JPDbnXsTQaY.jpg?size=510x680&quality=96&sign=8bfd3686e1930be9083eaf5664605bf3&c_uniq_tag=ZHmFsgOlF_LuUEOnwOPEKndje4f1I0Od8SpnAU10M58&type=album', 'type': 'r', 'width': 510}, {'height': 75, 'url': 'https://sun9-4.userapi.com/impf/c840135/v840135967/538a8/JPDbnXsTQaY.jpg?size=56x75&quality=96&sign=739d0466f28851db0cbd4def3bc84ea0&c_uniq_tag=neTtX44xUNghHtyQykNP2fhiI7owyDiWOpDXEP5i7aw&type=album', 'type': 's', 'width': 56}, {'height': 2160, 'url': 'https://sun9-4.userapi.com/impf/c840135/v840135967/538a8/JPDbnXsTQaY.jpg?size=1620x2160&quality=96&sign=9ba6a35f95fdf2ccebd54b38df00a2b7&c_uniq_tag=MqZCijWoPeN2H08dTvNYvdldPyMM9zGta_avRi8Wxmk&type=album', 'type': 'w', 'width': 1620}, {'height': 604, 'url': 'https://sun9-4.userapi.com/impf/c840135/v840135967/538a8/JPDbnXsTQaY.jpg?size=453x604&quality=96&sign=1cf94aba865a443891ed5b37203dc56b&c_uniq_tag=_bWG3SoFxEDJvxK1fVD8z5hTEbQ_EoLR1bhvPVCPCJ0&type=album', 'type': 'x', 'width': 453}, {'height': 807, 'url': 'https://sun9-4.userapi.com/impf/c840135/v840135967/538a8/JPDbnXsTQaY.jpg?size=605x807&quality=96&sign=024497f7aa80bd9ae3aefe381491456b&c_uniq_tag=UWD4MNC8c2oBGQDdcfbDsrR0weIpBEL-5eLaOyBZFWs&type=album', 'type': 'y', 'width': 605}, {'height': 1080, 'url': 'https://sun9-4.userapi.com/impf/c840135/v840135967/538a8/JPDbnXsTQaY.jpg?size=810x1080&quality=96&sign=9228b684761b4765b59ca7a358208179&c_uniq_tag=C1rBM7N3lh4T4-jlmirWIpPZcWHPPdR4Zbju0gthZnU&type=album', 'type': 'z', 'width': 810}]",,
-7,1527275232,False,456253596,165642955,9340,"[{'height': 130, 'url': 'https://sun9-83.userapi.com/impf/c840435/v840435737/891fc/A9uoPsGR_48.jpg?size=73x130&quality=96&sign=127aaebc630d89c3c291529114528498&c_uniq_tag=YHSsS1BMpQIh-XVAkbeRE4cYU4O0Dn91rx-6k2iFefE&type=album', 'type': 'm', 'width': 73}, {'height': 231, 'url': 'https://sun9-83.userapi.com/impf/c840435/v840435737/891fc/A9uoPsGR_48.jpg?size=130x231&quality=96&sign=e5bb4c271aee496d9a75f2517d3d7af8&c_uniq_tag=pHQDFIUvB5dlt-azcV_lNDpkJN2xIv6O5W7Ko0-UiVY&type=album', 'type': 'o', 'width': 130}, {'height': 356, 'url': 'https://sun9-83.userapi.com/impf/c840435/v840435737/891fc/A9uoPsGR_48.jpg?size=200x356&quality=96&sign=28fad5c071f73e8b85b31f65876da85a&c_uniq_tag=eywwo4fts-RzTHLmviW5AdPhyd4OTaunAnwRtLvdiAI&type=album', 'type': 'p', 'width': 200}, {'height': 569, 'url': 'https://sun9-83.userapi.com/impf/c840435/v840435737/891fc/A9uoPsGR_48.jpg?size=320x569&quality=96&sign=6f44f8de249e82804de63e1aaf9e23f6&c_uniq_tag=HgVyL3_YfX5AD2rnMMBHFcqNwD48vlRQFOYMltDFDwA&type=album', 'type': 'q', 'width': 320}, {'height': 900, 'url': 'https://sun9-83.userapi.com/impf/c840435/v840435737/891fc/A9uoPsGR_48.jpg?size=510x900&quality=96&crop=0,0,1080,1906&sign=20057d77fd141864b2f3ab51969cd365&c_uniq_tag=NI3kzIXgITAnUaRPUw6xKmKt3zJkFVRAaBnAofhHGOA&type=album', 'type': 'r', 'width': 510}, {'height': 75, 'url': 'https://sun9-83.userapi.com/impf/c840435/v840435737/891fc/A9uoPsGR_48.jpg?size=42x75&quality=96&sign=72d75de4e913680c634a716ea2f170d9&c_uniq_tag=8I5X9CmlqRpPnyw5w9MbN59q08Dhpb13W8KaITlTzwI&type=album', 'type': 's', 'width': 42}, {'height': 1920, 'url': 'https://sun9-83.userapi.com/impf/c840435/v840435737/891fc/A9uoPsGR_48.jpg?size=1080x1920&quality=96&sign=4481371ec5124163bfb70f014969d614&c_uniq_tag=NNwYn0MszSdLxYL_DZVMoDiHra7iH4IDzyPd-kpG0Tw&type=album', 'type': 'w', 'width': 1080}, {'height': 604, 'url': 'https://sun9-83.userapi.com/impf/c840435/v840435737/891fc/A9uoPsGR_48.jpg?size=340x604&quality=96&sign=8b623490aa32c0119152c771ced9a08f&c_uniq_tag=hbOWOxB43V9oLnYq2g1VODcdUzPlviCWA1PFyAIXT74&type=album', 'type': 'x', 'width': 340}, {'height': 807, 'url': 'https://sun9-83.userapi.com/impf/c840435/v840435737/891fc/A9uoPsGR_48.jpg?size=454x807&quality=96&sign=62d29116ae09fdf0b72e2f7b1feaafd2&c_uniq_tag=uhAjHLKV7RZg3hTqEMpFkQndpavJ6TQhpHYN89ALOi8&type=album', 'type': 'y', 'width': 454}, {'height': 1080, 'url': 'https://sun9-83.userapi.com/impf/c840435/v840435737/891fc/A9uoPsGR_48.jpg?size=607x1080&quality=96&sign=4c72a3573f82f1460788f5cfd733dda1&c_uniq_tag=d40vPpEukrHvjODL2ctJZwft6bD7_UOg3XQqoKBrVRo&type=album', 'type': 'z', 'width': 607}]",,
-7,1527357157,False,456253682,165642955,,"[{'height': 73, 'url': 'https://sun9-81.userapi.com/impf/c830308/v830308995/109133/vfVXTTaYjwQ.jpg?size=130x73&quality=96&sign=0cde1586e885ea4b9911c831f3302631&c_uniq_tag=NKo0v3S0MOeneuWq5YutjOtkLwrAjn6pbQcCniiYL90&type=album', 'type': 'm', 'width': 130}, {'height': 87, 'url': 'https://sun9-81.userapi.com/impf/c830308/v830308995/109133/vfVXTTaYjwQ.jpg?size=130x87&quality=96&crop=153,0,1614,1080&sign=b484ee676cad42b7632f3d5430038896&c_uniq_tag=bk2ET_m4E__Cn9Ri3nfQaTDJ1VBDGS_hjV1ZFfUvRKU&type=album', 'type': 'o', 'width': 130}, {'height': 133, 'url': 'https://sun9-81.userapi.com/impf/c830308/v830308995/109133/vfVXTTaYjwQ.jpg?size=200x133&quality=96&crop=148,0,1624,1080&sign=b74a60846cc71f90dcf3cde56f39e8bb&c_uniq_tag=qRZbhhe2nfa0ahPu5s6uGMrqxVIOQx7vSYQNJxo0EpA&type=album', 'type': 'p', 'width': 200}, {'height': 213, 'url': 'https://sun9-81.userapi.com/impf/c830308/v830308995/109133/vfVXTTaYjwQ.jpg?size=320x213&quality=96&crop=148,0,1623,1080&sign=eb1fd34db4e5ca0ed7bbb6ab7a1db91d&c_uniq_tag=zPz0nuQ-FXNIhoyh8OJ9wjfWVBfeR1FWUxQYyemkB_U&type=album', 'type': 'q', 'width': 320}, {'height': 340, 'url': 'https://sun9-81.userapi.com/impf/c830308/v830308995/109133/vfVXTTaYjwQ.jpg?size=510x340&quality=96&crop=150,0,1620,1080&sign=7a4eb053ffe3acdacc613132178f1271&c_uniq_tag=Sk0iYMpes56YY-3omkgB6f93jn8MRsGSqbwzPg2GlkI&type=album', 'type': 'r', 'width': 510}, {'height': 42, 'url': 'https://sun9-81.userapi.com/impf/c830308/v830308995/109133/vfVXTTaYjwQ.jpg?size=75x42&quality=96&sign=de7af6156608d4934dcc5b763977eaa7&c_uniq_tag=u3A8BgLIPs9W57tqoX9lGEBnfBslwczDYMlXdzxw2sg&type=album', 'type': 's', 'width': 75}, {'height': 1080, 'url': 'https://sun9-81.userapi.com/impf/c830308/v830308995/109133/vfVXTTaYjwQ.jpg?size=1920x1080&quality=96&sign=02dc3db00538a4579fd001146c9f29e8&c_uniq_tag=qZ1iyit0-wRP7ocL4bUV2ugM-KN-7XDzx41JJq9SEwo&type=album', 'type': 'w', 'width': 1920}, {'height': 340, 'url': 'https://sun9-81.userapi.com/impf/c830308/v830308995/109133/vfVXTTaYjwQ.jpg?size=604x340&quality=96&sign=6a291c3897b9f4f9062120f2efa995ad&c_uniq_tag=7Xe_wbMVM7c_iK2Q7ou6KRxzxeGvPM6oUJo5xsXwG_U&type=album', 'type': 'x', 'width': 604}, {'height': 454, 'url': 'https://sun9-81.userapi.com/impf/c830308/v830308995/109133/vfVXTTaYjwQ.jpg?size=807x454&quality=96&sign=1aa16ac50617ce8cc18ea6e5256ee449&c_uniq_tag=ZXmDSsfnaDUs_LGDYVr4BcS18IkqZLpKP00hPIo_CWw&type=album', 'type': 'y', 'width': 807}, {'height': 720, 'url': 'https://sun9-81.userapi.com/impf/c830308/v830308995/109133/vfVXTTaYjwQ.jpg?size=1280x720&quality=96&sign=9b2aa73bde795d9e553a6942d6c23561&c_uniq_tag=dp9wboAsScQsq3VxRCn4ft2Dxiwc5HcIF5YfVS2xIJU&type=album', 'type': 'z', 'width': 1280}]",,
-7,1527357159,False,456253683,165642955,,"[{'height': 73, 'url': 'https://sun9-24.userapi.com/impf/c844521/v844521995/61812/ve4TYfzmj90.jpg?size=130x73&quality=96&sign=115b5e52d591afb82b8d76d184731dc0&c_uniq_tag=TD3fGfDWoS480NpX-BqoD5NM9SivsxSOFD-2JCC0AXc&type=album', 'type': 'm', 'width': 130}, {'height': 87, 'url': 'https://sun9-24.userapi.com/impf/c844521/v844521995/61812/ve4TYfzmj90.jpg?size=130x87&quality=96&crop=153,0,1614,1080&sign=e15164ade9ebe65e53463dfad416de44&c_uniq_tag=V6KoGvJKmjxsUkd37jx93OhEDr6zm855Ph5bpChSlhU&type=album', 'type': 'o', 'width': 130}, {'height': 133, 'url': 'https://sun9-24.userapi.com/impf/c844521/v844521995/61812/ve4TYfzmj90.jpg?size=200x133&quality=96&crop=148,0,1624,1080&sign=e8456d9d343a683480741e55252ba66c&c_uniq_tag=xGmIrvGMy5ASibj8Wu534j-1k2vaL3YFOYVP2KTX4No&type=album', 'type': 'p', 'width': 200}, {'height': 213, 'url': 'https://sun9-24.userapi.com/impf/c844521/v844521995/61812/ve4TYfzmj90.jpg?size=320x213&quality=96&crop=148,0,1623,1080&sign=376f3fb61da8efdc8113ca9188e425f4&c_uniq_tag=1WwfDigHTAuZY-IOG1yZdGqvavLPJqJws9eWPjt-tGc&type=album', 'type': 'q', 'width': 320}, {'height': 340, 'url': 'https://sun9-24.userapi.com/impf/c844521/v844521995/61812/ve4TYfzmj90.jpg?size=510x340&quality=96&crop=150,0,1620,1080&sign=2273bb9b23fe6b107b163b0e7bc13be8&c_uniq_tag=gIlGjObCuBxQqdj0TOWrnrZ3m6wMMNobQjlqUWkCutU&type=album', 'type': 'r', 'width': 510}, {'height': 42, 'url': 'https://sun9-24.userapi.com/impf/c844521/v844521995/61812/ve4TYfzmj90.jpg?size=75x42&quality=96&sign=a4a25e327c897235035bec7d5b16e701&c_uniq_tag=zblJL9z3q98srQpdZS2OgeZ5KvGaA1wiNLCr5x8eM20&type=album', 'type': 's', 'width': 75}, {'height': 1080, 'url': 'https://sun9-24.userapi.com/impf/c844521/v844521995/61812/ve4TYfzmj90.jpg?size=1920x1080&quality=96&sign=64494b9ce551f808a909e2b397bdbbfb&c_uniq_tag=j2Lpn9L7U0I-s_dnm-czUxg-GkPnu70jUamxTh5tIQY&type=album', 'type': 'w', 'width': 1920}, {'height': 340, 'url': 'https://sun9-24.userapi.com/impf/c844521/v844521995/61812/ve4TYfzmj90.jpg?size=604x340&quality=96&sign=cb0c6b214906415d2223cc9e944626af&c_uniq_tag=8y2iv3MchN4PiYhWyf8H0SJcAeZzHPlDvr6fUu_uqvE&type=album', 'type': 'x', 'width': 604}, {'height': 454, 'url': 'https://sun9-24.userapi.com/impf/c844521/v844521995/61812/ve4TYfzmj90.jpg?size=807x454&quality=96&sign=c5431be674630b8912c37beac636f067&c_uniq_tag=226ebPtPQeuG1bfyLaelFvov5AFfNcd5FtESxG2GFQo&type=album', 'type': 'y', 'width': 807}, {'height': 720, 'url': 'https://sun9-24.userapi.com/impf/c844521/v844521995/61812/ve4TYfzmj90.jpg?size=1280x720&quality=96&sign=8a3af2013d2f9b86860c676c7e120b48&c_uniq_tag=aiYb-1VEc6XMtoKlQ_ZLA2_ZGfDTOoD4Pq0AQOuCCvs&type=album', 'type': 'z', 'width': 1280}]",,
-7,1530041510,False,456254330,165642955,9358,"[{'height': 130, 'url': 'https://sun9-40.userapi.com/impf/c834303/v834303870/175902/TG2bqte3kPY.jpg?size=73x130&quality=96&sign=cf069aa39b493d5b7ec49b037fe2a0eb&c_uniq_tag=gVGyFpMrmyiZa-9PbA-oqAwT8hclp4Hm4aybrk560Pk&type=album', 'type': 'm', 'width': 73}, {'height': 231, 'url': 'https://sun9-40.userapi.com/impf/c834303/v834303870/175902/TG2bqte3kPY.jpg?size=130x231&quality=96&sign=bbdb68eb887ba7d515743aa4bb86e19b&c_uniq_tag=gCkS29X0kd--ix4Gp9th7cI3sAAOLo-AbnA8PvyTJqg&type=album', 'type': 'o', 'width': 130}, {'height': 356, 'url': 'https://sun9-40.userapi.com/impf/c834303/v834303870/175902/TG2bqte3kPY.jpg?size=200x356&quality=96&sign=b8964e3ec0c13847861af76f4905e47c&c_uniq_tag=ra5wHQfXLKo5w78dF1xnSsIfZAxZE6Yh1cTl1f3K4hk&type=album', 'type': 'p', 'width': 200}, {'height': 569, 'url': 'https://sun9-40.userapi.com/impf/c834303/v834303870/175902/TG2bqte3kPY.jpg?size=320x569&quality=96&sign=c1829e9685294328245422ec783d415c&c_uniq_tag=DOpg_IK3d1vMozka8K-TpHc048JI51n_D2xBhNq6hic&type=album', 'type': 'q', 'width': 320}, {'height': 900, 'url': 'https://sun9-40.userapi.com/impf/c834303/v834303870/175902/TG2bqte3kPY.jpg?size=510x900&quality=96&crop=0,0,1080,1906&sign=152eacef89fe4913470f223ec51f1c76&c_uniq_tag=JbWxCq3Idpb6nSv14g4LM2okoKnckleyM5KPP4b4TTY&type=album', 'type': 'r', 'width': 510}, {'height': 75, 'url': 'https://sun9-40.userapi.com/impf/c834303/v834303870/175902/TG2bqte3kPY.jpg?size=42x75&quality=96&sign=e0c1f85fbe8e06dcfb051024c41c2320&c_uniq_tag=lNs87e22_Ow4bU2Z6f98G2G9JxkWi_FP-gSQDZpKiiQ&type=album', 'type': 's', 'width': 42}, {'height': 1920, 'url': 'https://sun9-40.userapi.com/impf/c834303/v834303870/175902/TG2bqte3kPY.jpg?size=1080x1920&quality=96&sign=00e10de0aac3d3fd3bfc3d35b3817df0&c_uniq_tag=ndI3ps04MCMb2kKDfoenylXUo17fMbPVmmCOhYxiTC8&type=album', 'type': 'w', 'width': 1080}, {'height': 604, 'url': 'https://sun9-40.userapi.com/impf/c834303/v834303870/175902/TG2bqte3kPY.jpg?size=340x604&quality=96&sign=f8b64b6fc5a53e0b318d3d9acd338fdf&c_uniq_tag=o2ib8voKjvOvVAu_4DWqpDGj6jCaBYVANFyF_0HjPNA&type=album', 'type': 'x', 'width': 340}, {'height': 807, 'url': 'https://sun9-40.userapi.com/impf/c834303/v834303870/175902/TG2bqte3kPY.jpg?size=454x807&quality=96&sign=21b39387e80a44b08474f0d19abb3833&c_uniq_tag=1PMOOKx7rDwh4vzpCuPUYSW63zl-y5NSK9YAWOtJ7OI&type=album', 'type': 'y', 'width': 454}, {'height': 1080, 'url': 'https://sun9-40.userapi.com/impf/c834303/v834303870/175902/TG2bqte3kPY.jpg?size=607x1080&quality=96&sign=a0b80cc79c0c8f84601aa00806b4030b&c_uniq_tag=2njjSgzNthi5rPr5vG8tMnY2zMeD7-VM-tBEPaaPfyo&type=album', 'type': 'z', 'width': 607}]",,
-7,1538853458,False,456257313,165642955,9411,"[{'height': 127, 'url': 'https://sun9-61.userapi.com/impf/c845019/v845019835/ffcf3/a4u45P-3sxA.jpg?size=130x127&quality=96&sign=669cefdab2e8599024b26bacd466d6a4&c_uniq_tag=k0Ncbjds0ngjCLnmM3VJzy476Wbo_w4tqQPE9LM0gzA&type=album', 'type': 'm', 'width': 130}, {'height': 127, 'url': 'https://sun9-61.userapi.com/impf/c845019/v845019835/ffcf3/a4u45P-3sxA.jpg?size=130x127&quality=96&sign=669cefdab2e8599024b26bacd466d6a4&c_uniq_tag=k0Ncbjds0ngjCLnmM3VJzy476Wbo_w4tqQPE9LM0gzA&type=album', 'type': 'o', 'width': 130}, {'height': 195, 'url': 'https://sun9-61.userapi.com/impf/c845019/v845019835/ffcf3/a4u45P-3sxA.jpg?size=200x195&quality=96&sign=4227f52d213ea9e9adb1cc5ec959a320&c_uniq_tag=4EwgCeUPIXSRSzrUYvf6rK4ehRo50vsHpBqduSTF6D0&type=album', 'type': 'p', 'width': 200}, {'height': 312, 'url': 'https://sun9-61.userapi.com/impf/c845019/v845019835/ffcf3/a4u45P-3sxA.jpg?size=320x312&quality=96&sign=3953a8cc6568d573a425774d504b41ab&c_uniq_tag=5cmLZ62zQPeFUyGud1OSfZ4yLqEw1k7aOK4igSuy43Y&type=album', 'type': 'q', 'width': 320}, {'height': 497, 'url': 'https://sun9-61.userapi.com/impf/c845019/v845019835/ffcf3/a4u45P-3sxA.jpg?size=510x497&quality=96&sign=01ae1131561f7407d455d315bf6c7354&c_uniq_tag=nw9p8RQzH8M0YFdMBqEn71aAQ-tiEYYSGMQ3dXK4jEk&type=album', 'type': 'r', 'width': 510}, {'height': 73, 'url': 'https://sun9-61.userapi.com/impf/c845019/v845019835/ffcf3/a4u45P-3sxA.jpg?size=75x73&quality=96&sign=3efc3ad1c8a3d7db3b390530276c62e7&c_uniq_tag=pO8zWKDIGEHBl0PLDnlyVE0RWcfEVFoj71u_V_RSD98&type=album', 'type': 's', 'width': 75}, {'height': 588, 'url': 'https://sun9-61.userapi.com/impf/c845019/v845019835/ffcf3/a4u45P-3sxA.jpg?size=604x588&quality=96&sign=0cc50594933fc57a3c7d4f73d709a416&c_uniq_tag=-NwYM-lNDDBuEH0k6QVn3qnKv7HUXN-9nq8TuDFKzPk&type=album', 'type': 'x', 'width': 604}, {'height': 640, 'url': 'https://sun9-61.userapi.com/impf/c845019/v845019835/ffcf3/a4u45P-3sxA.jpg?size=657x640&quality=96&sign=fca976b20f5ce8d2aad3a95126a366a7&c_uniq_tag=3UK2ikltDFFL4habJZ-SZG3pq8daiRdFfOyn7EvV9gs&type=album', 'type': 'y', 'width': 657}]",,
-7,1539982495,False,456258880,165642955,9420,"[{'height': 73, 'url': 'https://sun9-62.userapi.com/impf/c850524/v850524700/2916b/nisssTfTLE8.jpg?size=130x73&quality=96&sign=6d8c29ed46062239cae391bc04d6aee2&c_uniq_tag=PDjEhhera3jfLD5-_mwHz6qm3EjxezcF3jYxjksqK2M&type=album', 'type': 'm', 'width': 130}, {'height': 87, 'url': 'https://sun9-62.userapi.com/impf/c850524/v850524700/2916b/nisssTfTLE8.jpg?size=130x87&quality=96&crop=153,0,1614,1080&sign=8d1ae336c12d4fbbd82d4de7df1a6b25&c_uniq_tag=MTJiHt-yZ3QhC6d7wVypdwS4Z7ILzcDdsdQfE4lLa4I&type=album', 'type': 'o', 'width': 130}, {'height': 133, 'url': 'https://sun9-62.userapi.com/impf/c850524/v850524700/2916b/nisssTfTLE8.jpg?size=200x133&quality=96&crop=148,0,1624,1080&sign=7f51e0ed3ac4b1f475d2036fc591847b&c_uniq_tag=VUdg5GfYfuUa6nWbFvFPMMWFGnXW-lZIvJBXy4ydeSs&type=album', 'type': 'p', 'width': 200}, {'height': 213, 'url': 'https://sun9-62.userapi.com/impf/c850524/v850524700/2916b/nisssTfTLE8.jpg?size=320x213&quality=96&crop=148,0,1623,1080&sign=9cc75cf30d4c89f27615697be3347963&c_uniq_tag=ng3Qml9ZzKts7u3yXOJ1gaHAL4RSOh2fSg2kuQ7XERs&type=album', 'type': 'q', 'width': 320}, {'height': 340, 'url': 'https://sun9-62.userapi.com/impf/c850524/v850524700/2916b/nisssTfTLE8.jpg?size=510x340&quality=96&crop=150,0,1620,1080&sign=8d40c7f53d62a2aa5c01654e5953efe7&c_uniq_tag=t6vHC2hciuU0P82qnXWwGRXY_Im5IPsQfi9YnFx2vvQ&type=album', 'type': 'r', 'width': 510}, {'height': 42, 'url': 'https://sun9-62.userapi.com/impf/c850524/v850524700/2916b/nisssTfTLE8.jpg?size=75x42&quality=96&sign=8bf319b108a04e93f4e8805aaa1f7545&c_uniq_tag=_gS4g2Uk2HbdohxZPNRloja1wkAsG-A4nJLqJPHoxRo&type=album', 'type': 's', 'width': 75}, {'height': 1080, 'url': 'https://sun9-62.userapi.com/impf/c850524/v850524700/2916b/nisssTfTLE8.jpg?size=1920x1080&quality=96&sign=b0e4ae87830a098cd51671b8575b47bc&c_uniq_tag=ASy38eyBt9BycChfSdx3YAxui3LoPiBbT5QEVTJL4Tk&type=album', 'type': 'w', 'width': 1920}, {'height': 340, 'url': 'https://sun9-62.userapi.com/impf/c850524/v850524700/2916b/nisssTfTLE8.jpg?size=604x340&quality=96&sign=1304e486692a55c9699cde0042082461&c_uniq_tag=6WD3NmcdWHE6ffU_kdSJb84H4BvsfJhNZuJqXZ8eqtk&type=album', 'type': 'x', 'width': 604}, {'height': 454, 'url': 'https://sun9-62.userapi.com/impf/c850524/v850524700/2916b/nisssTfTLE8.jpg?size=807x454&quality=96&sign=d52f396088d10aa9c431c433bd909cc4&c_uniq_tag=bRQ_YaiQIK5c1-spnuz8kDhRLbXM6bv7hlWo43ac1pw&type=album', 'type': 'y', 'width': 807}, {'height': 720, 'url': 'https://sun9-62.userapi.com/impf/c850524/v850524700/2916b/nisssTfTLE8.jpg?size=1280x720&quality=96&sign=fd92b31aa646773ddfbc39a576660270&c_uniq_tag=Hu13oOS0MHK-MSowMApxIIz09Ccf5jCEv2w5SlWVnVE&type=album', 'type': 'z', 'width': 1280}]",,
-7,1541704635,False,456264281,165642955,9424,"[{'height': 130, 'url': 'https://sun9-44.userapi.com/impf/c848620/v848620044/b262c/es1YKVJAf78.jpg?size=97x130&quality=96&sign=febf2d888ae71d03f1f5b10442ac5bd0&c_uniq_tag=Hoyk_bANnyaF--ECwRFSJGL5duPN4aaFlONhLKFMBGY&type=album', 'type': 'm', 'width': 97}, {'height': 173, 'url': 'https://sun9-44.userapi.com/impf/c848620/v848620044/b262c/es1YKVJAf78.jpg?size=130x173&quality=96&sign=dd95de6da9774196d4b612ed780ec239&c_uniq_tag=OszU31g8tQiXjVQhpttPqQ2HmckPoEqihfc9utTnJ_Y&type=album', 'type': 'o', 'width': 130}, {'height': 267, 'url': 'https://sun9-44.userapi.com/impf/c848620/v848620044/b262c/es1YKVJAf78.jpg?size=200x267&quality=96&sign=98d0ca6ca572dde9e223667e50bde090&c_uniq_tag=SxpKeCeLpK7uucE44WWjVw5hhfKrGKwZalUt3SK-mNo&type=album', 'type': 'p', 'width': 200}, {'height': 427, 'url': 'https://sun9-44.userapi.com/impf/c848620/v848620044/b262c/es1YKVJAf78.jpg?size=320x427&quality=96&sign=0d19155c1e2bd2f7babde4625c56e702&c_uniq_tag=7SBv9LsHu68UI6fMqf3FWs45eKy2C_GUN8GzuJSdRQo&type=album', 'type': 'q', 'width': 320}, {'height': 680, 'url': 'https://sun9-44.userapi.com/impf/c848620/v848620044/b262c/es1YKVJAf78.jpg?size=510x680&quality=96&sign=1cd503840789c5d187635cee9c53da70&c_uniq_tag=dYRA0o9KJL_1wlVpRTQ6oGp1mly8ATM2ru4mp1286Q4&type=album', 'type': 'r', 'width': 510}, {'height': 75, 'url': 'https://sun9-44.userapi.com/impf/c848620/v848620044/b262c/es1YKVJAf78.jpg?size=56x75&quality=96&sign=803765142573c1d3ed0420926485f259&c_uniq_tag=yEZ3rjzdQ3RR0VpVMFkEMIhkpUnAHdnaObl6TXzaqDw&type=album', 'type': 's', 'width': 56}, {'height': 604, 'url': 'https://sun9-44.userapi.com/impf/c848620/v848620044/b262c/es1YKVJAf78.jpg?size=453x604&quality=96&sign=4a5d0a7044cf0e511051e97a87a585a0&c_uniq_tag=uXWohD36ZpLJdVYX_odlMreA1gCoBHRK_cp5eLlSSzk&type=album', 'type': 'x', 'width': 453}, {'height': 807, 'url': 'https://sun9-44.userapi.com/impf/c848620/v848620044/b262c/es1YKVJAf78.jpg?size=605x807&quality=96&sign=c2c4854c379ea8716360692d6e900e92&c_uniq_tag=XKZzBcKilsYnkedDn4nLOSFR3dFyIPI08jQlHMX-56A&type=album', 'type': 'y', 'width': 605}, {'height': 960, 'url': 'https://sun9-44.userapi.com/impf/c848620/v848620044/b262c/es1YKVJAf78.jpg?size=720x960&quality=96&sign=fbb05f3eda112a9ba57cbe8270c28133&c_uniq_tag=lhqFLuZDcA9F8whPsjWitF-wTzPbOZRrClXF_yT6Vbw&type=album', 'type': 'z', 'width': 720}]",,
-7,1554065753,False,456269561,165642955,9461,"[{'height': 101, 'url': 'https://sun9-4.userapi.com/impf/A3hHYhtEVirnaSc6jFgrvFnStv_Kg-q7iXcWRw/xuL-wSfoJdI.jpg?size=130x101&quality=96&sign=ad17f0950229947af268679f252383ae&c_uniq_tag=IA2PQPX7qXjHNeo2kb0QqE7ZUrzBNIuAHQ2H97Kpzi8&type=album', 'type': 'm', 'width': 130}, {'height': 101, 'url': 'https://sun9-4.userapi.com/impf/A3hHYhtEVirnaSc6jFgrvFnStv_Kg-q7iXcWRw/xuL-wSfoJdI.jpg?size=130x101&quality=96&sign=ad17f0950229947af268679f252383ae&c_uniq_tag=IA2PQPX7qXjHNeo2kb0QqE7ZUrzBNIuAHQ2H97Kpzi8&type=album', 'type': 'o', 'width': 130}, {'height': 155, 'url': 'https://sun9-4.userapi.com/impf/A3hHYhtEVirnaSc6jFgrvFnStv_Kg-q7iXcWRw/xuL-wSfoJdI.jpg?size=200x155&quality=96&sign=3fee5a2a8f726845452969ea16a889b3&c_uniq_tag=6WUYCdS3XuBGCC2avdYepBmYqJhpN8rHYSrcJ3V3geg&type=album', 'type': 'p', 'width': 200}, {'height': 248, 'url': 'https://sun9-4.userapi.com/impf/A3hHYhtEVirnaSc6jFgrvFnStv_Kg-q7iXcWRw/xuL-wSfoJdI.jpg?size=320x248&quality=96&sign=c7112d1ba9d2a0c6c488336018fe7a8b&c_uniq_tag=rcjywawGfjBFseST7aL8Go-fxBJmPmZk5Hi-e0tJIqc&type=album', 'type': 'q', 'width': 320}, {'height': 396, 'url': 'https://sun9-4.userapi.com/impf/A3hHYhtEVirnaSc6jFgrvFnStv_Kg-q7iXcWRw/xuL-wSfoJdI.jpg?size=510x396&quality=96&sign=82c30625deb9d71c32c2895744bea0b0&c_uniq_tag=ElLAkv7qo-R0SfiPIG4OposehLi3PHB9jA3i3mE3cxE&type=album', 'type': 'r', 'width': 510}, {'height': 58, 'url': 'https://sun9-4.userapi.com/impf/A3hHYhtEVirnaSc6jFgrvFnStv_Kg-q7iXcWRw/xuL-wSfoJdI.jpg?size=75x58&quality=96&sign=2c0e16c76628b2d4a704182b2db5f20c&c_uniq_tag=uTZe3OmYZn9SZ0czLfJtbSvdbRzEGuJVYRifuJhR-u4&type=album', 'type': 's', 'width': 75}, {'height': 469, 'url': 'https://sun9-4.userapi.com/impf/A3hHYhtEVirnaSc6jFgrvFnStv_Kg-q7iXcWRw/xuL-wSfoJdI.jpg?size=604x469&quality=96&sign=dd928884a2d6d8b056926d804e7f3a08&c_uniq_tag=pIGHNcTgOUhodpZncUoo8XMCLEusaOI7zK5RINi1Wzw&type=album', 'type': 'x', 'width': 604}, {'height': 626, 'url': 'https://sun9-4.userapi.com/impf/A3hHYhtEVirnaSc6jFgrvFnStv_Kg-q7iXcWRw/xuL-wSfoJdI.jpg?size=807x626&quality=96&sign=be88f9eacf6fd6d2e2325d30ab987ed7&c_uniq_tag=dqwfVNK4_F6HH5W7ubJP6jF8xtXZruNKV-d2IMIQldE&type=album', 'type': 'y', 'width': 807}, {'height': 838, 'url': 'https://sun9-4.userapi.com/impf/A3hHYhtEVirnaSc6jFgrvFnStv_Kg-q7iXcWRw/xuL-wSfoJdI.jpg?size=1080x838&quality=96&sign=f8387a0d5b31ef664e1e595ca505bf20&c_uniq_tag=KVsFO3k9MVM1ZtR5RDjH8Kz5H3YiET3S-RBhMLwTma0&type=album', 'type': 'z', 'width': 1080}]",,
-7,1554577259,False,456269950,165642955,9469,"[{'height': 130, 'url': 'https://sun9-4.userapi.com/impf/LLDuQLhIc50UHLXzON1adxjLA0deqfaxt3gZVw/_5v5u_btuww.jpg?size=98x130&quality=96&sign=af1b72faf030b0be74f27def426009a7&c_uniq_tag=CkkFFhDGemxgs-mIaSICt8xEbw6wF5hd3VrxX1s2gFM&type=album', 'type': 'm', 'width': 98}, {'height': 173, 'url': 'https://sun9-4.userapi.com/impf/LLDuQLhIc50UHLXzON1adxjLA0deqfaxt3gZVw/_5v5u_btuww.jpg?size=130x173&quality=96&sign=5266386a11940fac7392bcaa812df132&c_uniq_tag=xY-xVuTvVDVoT6iD6ObK6qUlpPlmyp3rnO8fUl1IwmY&type=album', 'type': 'o', 'width': 130}, {'height': 266, 'url': 'https://sun9-4.userapi.com/impf/LLDuQLhIc50UHLXzON1adxjLA0deqfaxt3gZVw/_5v5u_btuww.jpg?size=200x266&quality=96&sign=efb138f8eeb45edd5e6a05421fa99ebe&c_uniq_tag=Niy-TSKJMGQmr-ksoU7EjRrk93wv5EmxzOgdUaoO68s&type=album', 'type': 'p', 'width': 200}, {'height': 426, 'url': 'https://sun9-4.userapi.com/impf/LLDuQLhIc50UHLXzON1adxjLA0deqfaxt3gZVw/_5v5u_btuww.jpg?size=320x426&quality=96&sign=63c44f53e2c45ef64e79b876cc3cb1c4&c_uniq_tag=nD2y42_Zwjt19dqhnK9ey_R6ivBtW1Uc3Jy-9Y2PIYA&type=album', 'type': 'q', 'width': 320}, {'height': 679, 'url': 'https://sun9-4.userapi.com/impf/LLDuQLhIc50UHLXzON1adxjLA0deqfaxt3gZVw/_5v5u_btuww.jpg?size=510x679&quality=96&sign=15013c5ed13f3d52229c173fe5a487cf&c_uniq_tag=3vWL9V6TudxMNr8HdNSEBbwHGx-4EWYpiUopRJnYUrU&type=album', 'type': 'r', 'width': 510}, {'height': 75, 'url': 'https://sun9-4.userapi.com/impf/LLDuQLhIc50UHLXzON1adxjLA0deqfaxt3gZVw/_5v5u_btuww.jpg?size=56x75&quality=96&sign=699a05a78c0c5f9473554181010ed8be&c_uniq_tag=NW5vEUDD7KtezEx4PU-yGE3rzDu9zSfY5Fxy9qhxygM&type=album', 'type': 's', 'width': 56}, {'height': 604, 'url': 'https://sun9-4.userapi.com/impf/LLDuQLhIc50UHLXzON1adxjLA0deqfaxt3gZVw/_5v5u_btuww.jpg?size=453x604&quality=96&sign=3066d2202d01c4565264615c3137608e&c_uniq_tag=nAB0JbY0TkYemeKE18Lgwb_jnbtvcUd-3cmX3_pkMtk&type=album', 'type': 'x', 'width': 453}, {'height': 807, 'url': 'https://sun9-4.userapi.com/impf/LLDuQLhIc50UHLXzON1adxjLA0deqfaxt3gZVw/_5v5u_btuww.jpg?size=606x807&quality=96&sign=dd92e124346a52ae65afa8f07e2f66bb&c_uniq_tag=Bzv2bz9zSzjLVv_jaoSrDx8w0kPsDzERKcuDfr-_3wI&type=album', 'type': 'y', 'width': 606}, {'height': 959, 'url': 'https://sun9-4.userapi.com/impf/LLDuQLhIc50UHLXzON1adxjLA0deqfaxt3gZVw/_5v5u_btuww.jpg?size=720x959&quality=96&sign=9ebe7bb56be80836374b7434e00ccfa6&c_uniq_tag=9FtTrjFunNr6Qm0dozazh2OwWBstJE9zo23Ylt05oUw&type=album', 'type': 'z', 'width': 720}]",,
-7,1557830924,False,456271464,165642955,,"[{'height': 130, 'url': 'https://sun9-28.userapi.com/impf/c848624/v848624884/195cda/YE3TunOj8o0.jpg?size=73x130&quality=96&sign=a22ddbe018109e4700210bcee851e84f&c_uniq_tag=H4-ynuNtlgsL1ShA8qvjfuoqZOHCt4F4_BCG2OYCnBs&type=album', 'type': 'm', 'width': 73}, {'height': 231, 'url': 'https://sun9-28.userapi.com/impf/c848624/v848624884/195cda/YE3TunOj8o0.jpg?size=130x231&quality=96&sign=2f6837fed8b76b3dacd4bdf2e57b13d3&c_uniq_tag=cZbToqXfd4W0Za4NaBboEngN0io2An8fHsRziHJyTVY&type=album', 'type': 'o', 'width': 130}, {'height': 356, 'url': 'https://sun9-28.userapi.com/impf/c848624/v848624884/195cda/YE3TunOj8o0.jpg?size=200x356&quality=96&sign=8d6606670f860dbe5e2f50c5fb3fff67&c_uniq_tag=Dkq9KxLo1FF3bKK2FYJSZde0HvL2kfUaWvR6L90c2Fs&type=album', 'type': 'p', 'width': 200}, {'height': 569, 'url': 'https://sun9-28.userapi.com/impf/c848624/v848624884/195cda/YE3TunOj8o0.jpg?size=320x569&quality=96&sign=7fac3cb4c4efa13eec21ca552bed7ea6&c_uniq_tag=myDCJpvHQD546970qzSyt9ZkHEWTQGBlXJzCRG3R5Mg&type=album', 'type': 'q', 'width': 320}, {'height': 900, 'url': 'https://sun9-28.userapi.com/impf/c848624/v848624884/195cda/YE3TunOj8o0.jpg?size=510x900&quality=96&crop=0,0,1080,1906&sign=a52dfd49ea47cc897d3cf141915d9550&c_uniq_tag=-8Kev-J62gkd7ATKwSE1OeY2vbiATnENnO8bGQkUam8&type=album', 'type': 'r', 'width': 510}, {'height': 75, 'url': 'https://sun9-28.userapi.com/impf/c848624/v848624884/195cda/YE3TunOj8o0.jpg?size=42x75&quality=96&sign=50a31bd46079b1d4d9eb994d7453691d&c_uniq_tag=HvzyI5O12_XdwwQmjYN_Bl2ueSOKHvBa5ijO96t6Kl8&type=album', 'type': 's', 'width': 42}, {'height': 1920, 'url': 'https://sun9-28.userapi.com/impf/c848624/v848624884/195cda/YE3TunOj8o0.jpg?size=1080x1920&quality=96&sign=602b0fba60ec8c66fd88ba13d9b34235&c_uniq_tag=0Y78DHJfCGAAQdfE_0oqmF_8n6F-Kt4-yQg9o_mwa0Q&type=album', 'type': 'w', 'width': 1080}, {'height': 604, 'url': 'https://sun9-28.userapi.com/impf/c848624/v848624884/195cda/YE3TunOj8o0.jpg?size=340x604&quality=96&sign=15a9b5d6bd45c4da911cea52fcbf980f&c_uniq_tag=pWvg-qWJq_VFit0UMIBVQEoENwgcHJ-BAk3dRhYgnHI&type=album', 'type': 'x', 'width': 340}, {'height': 807, 'url': 'https://sun9-28.userapi.com/impf/c848624/v848624884/195cda/YE3TunOj8o0.jpg?size=454x807&quality=96&sign=59031923e364f25a4f9e38624c815ce8&c_uniq_tag=QjhMew7NPxOorIHhMnmtaKZBdCCWTmHzchvxNUdcimk&type=album', 'type': 'y', 'width': 454}, {'height': 1080, 'url': 'https://sun9-28.userapi.com/impf/c848624/v848624884/195cda/YE3TunOj8o0.jpg?size=607x1080&quality=96&sign=e4a6b74eac2e2d0129f9a67fba792755&c_uniq_tag=9b1RHJYAuZrywzWG6k9xeqbXqCc21zTLyUjp_FQmkGg&type=album', 'type': 'z', 'width': 607}]",,
-7,1557831064,False,456271465,165642955,,"[{'height': 103, 'url': 'https://sun9-39.userapi.com/impf/c850732/v850732884/119e2d/l_6pLPNXpHU.jpg?size=130x103&quality=96&sign=b8c2eff9708fd8249d085fd3649b4548&c_uniq_tag=IR8_-MjjFJ16p598rhLf-Gmm-ottqhkXOrwewk37XrU&type=album', 'type': 'm', 'width': 130}, {'height': 103, 'url': 'https://sun9-39.userapi.com/impf/c850732/v850732884/119e2d/l_6pLPNXpHU.jpg?size=130x103&quality=96&sign=b8c2eff9708fd8249d085fd3649b4548&c_uniq_tag=IR8_-MjjFJ16p598rhLf-Gmm-ottqhkXOrwewk37XrU&type=album', 'type': 'o', 'width': 130}, {'height': 159, 'url': 'https://sun9-39.userapi.com/impf/c850732/v850732884/119e2d/l_6pLPNXpHU.jpg?size=200x159&quality=96&sign=4e3046655e7a74d722d48ad3837c89a2&c_uniq_tag=M9nMk-06NnKKNSH64eis8WVIX1oCfteH3VTzraQwY6I&type=album', 'type': 'p', 'width': 200}, {'height': 254, 'url': 'https://sun9-39.userapi.com/impf/c850732/v850732884/119e2d/l_6pLPNXpHU.jpg?size=320x254&quality=96&sign=ec1abc3b741719c36f9930c5dc6561e7&c_uniq_tag=00T2IeyQFONWO4GnL09qPC6Yh39RBuERC7lMZUEZKW8&type=album', 'type': 'q', 'width': 320}, {'height': 404, 'url': 'https://sun9-39.userapi.com/impf/c850732/v850732884/119e2d/l_6pLPNXpHU.jpg?size=510x404&quality=96&sign=78a9a71feecbd42ef8b452e2493d83fd&c_uniq_tag=r1LdMsxW74wrxRUBXfCTI2nGmkSLy3RMMVHu4NmMsnE&type=album', 'type': 'r', 'width': 510}, {'height': 59, 'url': 'https://sun9-39.userapi.com/impf/c850732/v850732884/119e2d/l_6pLPNXpHU.jpg?size=75x59&quality=96&sign=26129b82a6e496d6ee25d21397fe7b19&c_uniq_tag=9nGzbQmzK__6UxGASFJC5Muw5B9en13nmY9aWZXv9K8&type=album', 'type': 's', 'width': 75}, {'height': 1668, 'url': 'https://sun9-39.userapi.com/impf/c850732/v850732884/119e2d/l_6pLPNXpHU.jpg?size=2104x1668&quality=96&sign=23ccb75f544a677a7710b923209f26b2&c_uniq_tag=1Vs0h0AUoBv47yhQ_3TYRG9eG2cjgwjJWiWsNci8u8A&type=album', 'type': 'w', 'width': 2104}, {'height': 479, 'url': 'https://sun9-39.userapi.com/impf/c850732/v850732884/119e2d/l_6pLPNXpHU.jpg?size=604x479&quality=96&sign=1b68d893a972cad61b476656ef3f7858&c_uniq_tag=xhWRP8JMu3x-V6qsP0qLMOUfbuCGautVpXKyV_j5Pjo&type=album', 'type': 'x', 'width': 604}, {'height': 640, 'url': 'https://sun9-39.userapi.com/impf/c850732/v850732884/119e2d/l_6pLPNXpHU.jpg?size=807x640&quality=96&sign=8e4f3c43949b368932cd8b8ae8034c57&c_uniq_tag=LQ6jV5RcgCbhmsRUZfhYVtTQKxD80Gi4o27M2PusZA0&type=album', 'type': 'y', 'width': 807}, {'height': 1015, 'url': 'https://sun9-39.userapi.com/impf/c850732/v850732884/119e2d/l_6pLPNXpHU.jpg?size=1280x1015&quality=96&sign=432446e166820261b7f8bac9e4352bba&c_uniq_tag=wET9SskQVUMvIzSBq0KecIPee4HqM1Gv_7FXRW_a_qM&type=album', 'type': 'z', 'width': 1280}]",,
-7,1557831109,False,456271466,165642955,,"[{'height': 73, 'url': 'https://sun9-67.userapi.com/impf/c854520/v854520884/40a65/50Gd7al37qU.jpg?size=130x73&quality=96&sign=1e8132b15b79891a36473bc9ac58c5d6&c_uniq_tag=4b9dOsEZQ6HpRWEWQgfcF7mbLk-wQE3SniXh5stQVc4&type=album', 'type': 'm', 'width': 130}, {'height': 87, 'url': 'https://sun9-67.userapi.com/impf/c854520/v854520884/40a65/50Gd7al37qU.jpg?size=130x87&quality=96&crop=153,0,1614,1080&sign=bb26a7bf9a7d51f5c973e1e327678114&c_uniq_tag=eVVFMEYh8MMuZDiVsy9Zd9y0jx3DEE7A6nyz6OVASRY&type=album', 'type': 'o', 'width': 130}, {'height': 133, 'url': 'https://sun9-67.userapi.com/impf/c854520/v854520884/40a65/50Gd7al37qU.jpg?size=200x133&quality=96&crop=148,0,1624,1080&sign=61a4a99eb0390d1ddeaab5b29d035742&c_uniq_tag=vl3c_SqVLhRbJOqt21vUuxyCjO1WYwY0-kQVHQ4-xhI&type=album', 'type': 'p', 'width': 200}, {'height': 213, 'url': 'https://sun9-67.userapi.com/impf/c854520/v854520884/40a65/50Gd7al37qU.jpg?size=320x213&quality=96&crop=148,0,1623,1080&sign=83f66df6a47dae91cc3566098761343f&c_uniq_tag=jOU1V9dFJQ_WDq5a7eAXBJJCes-uNX85Y_Q0X9zSOpU&type=album', 'type': 'q', 'width': 320}, {'height': 340, 'url': 'https://sun9-67.userapi.com/impf/c854520/v854520884/40a65/50Gd7al37qU.jpg?size=510x340&quality=96&crop=150,0,1620,1080&sign=d0edbe147c35f71136c4f2ad1cdd1a03&c_uniq_tag=Ik0CMnjOUOxpJmhQ6YLlJyqJ3KwFBk_QMMrGDj0V1Lk&type=album', 'type': 'r', 'width': 510}, {'height': 42, 'url': 'https://sun9-67.userapi.com/impf/c854520/v854520884/40a65/50Gd7al37qU.jpg?size=75x42&quality=96&sign=3a33fa4015c019a930de1de34919673a&c_uniq_tag=ex0wT0zz_yU_z9LkF-WLVN-hnwtAxAoiq0iJrCezzCQ&type=album', 'type': 's', 'width': 75}, {'height': 1080, 'url': 'https://sun9-67.userapi.com/impf/c854520/v854520884/40a65/50Gd7al37qU.jpg?size=1920x1080&quality=96&sign=813fea52339962e2e57c548a2e7819ce&c_uniq_tag=lSoXtkoVpL6tS2RmsUKQMOp3KtjtFyrnxmbv2M-f--U&type=album', 'type': 'w', 'width': 1920}, {'height': 340, 'url': 'https://sun9-67.userapi.com/impf/c854520/v854520884/40a65/50Gd7al37qU.jpg?size=604x340&quality=96&sign=ad44f19b0400a0bdeb74a4e452d2f5e1&c_uniq_tag=K05Rqv_WMwCBVtNoSzlffEk0N7upILMVEwN7sD06Amo&type=album', 'type': 'x', 'width': 604}, {'height': 454, 'url': 'https://sun9-67.userapi.com/impf/c854520/v854520884/40a65/50Gd7al37qU.jpg?size=807x454&quality=96&sign=039bfbe92d03d1aac093db642c95c43c&c_uniq_tag=Btct8uP08aDhBiBoG11aygdqJjRzqyQS-83xFoMfHfk&type=album', 'type': 'y', 'width': 807}, {'height': 720, 'url': 'https://sun9-67.userapi.com/impf/c854520/v854520884/40a65/50Gd7al37qU.jpg?size=1280x720&quality=96&sign=c6fb92d55af5725ad2337198aa09365a&c_uniq_tag=3xGDxBrRsT1g45AEV5uUZsF5CXFRXoGbSeMUsrlRq6I&type=album', 'type': 'z', 'width': 1280}]",,
-7,1557831191,False,456271467,165642955,,"[{'height': 130, 'url': 'https://sun9-54.userapi.com/impf/c855528/v855528884/405e0/yhRgqaZy9DE.jpg?size=73x130&quality=96&sign=f6052d2ad56e16e5559eec9093a21541&c_uniq_tag=Zkjy1TLA2BiIBkzkWfL1wZfFaj6LpEzWdvDX_qXVqc8&type=album', 'type': 'm', 'width': 73}, {'height': 231, 'url': 'https://sun9-54.userapi.com/impf/c855528/v855528884/405e0/yhRgqaZy9DE.jpg?size=130x231&quality=96&sign=bce22d3334a8f08ce1f8cb86e0f051c7&c_uniq_tag=vQj49mE02yZs79bQvnhiy6UsLKarlPJPdnFgVyjlgaw&type=album', 'type': 'o', 'width': 130}, {'height': 356, 'url': 'https://sun9-54.userapi.com/impf/c855528/v855528884/405e0/yhRgqaZy9DE.jpg?size=200x356&quality=96&sign=47e0b2a01378339bb5731379f6dd8005&c_uniq_tag=IkwE2tOOLlSITzju4xCvz9evpSMExp4c0g7Ft0KhGZY&type=album', 'type': 'p', 'width': 200}, {'height': 569, 'url': 'https://sun9-54.userapi.com/impf/c855528/v855528884/405e0/yhRgqaZy9DE.jpg?size=320x569&quality=96&sign=7a73e8e5922913b012f2ff6da23b17d9&c_uniq_tag=-v1s-ajaQ-vMbGxZ6Gour1nL91BWsnuN8ByB1ckDBDI&type=album', 'type': 'q', 'width': 320}, {'height': 900, 'url': 'https://sun9-54.userapi.com/impf/c855528/v855528884/405e0/yhRgqaZy9DE.jpg?size=510x900&quality=96&crop=0,0,1080,1906&sign=f3494b3222df434931b2e71a4ea46e85&c_uniq_tag=z0tcFCYmb72-58qoW9cQpRqpnL5oI06fqNoOgDja43Y&type=album', 'type': 'r', 'width': 510}, {'height': 75, 'url': 'https://sun9-54.userapi.com/impf/c855528/v855528884/405e0/yhRgqaZy9DE.jpg?size=42x75&quality=96&sign=a17f481c0dafc56ff185e33963f5134d&c_uniq_tag=T05__K3qbEUG9VG_t8rLcLCuS1rwzDYbc6r8-yPHrI0&type=album', 'type': 's', 'width': 42}, {'height': 1920, 'url': 'https://sun9-54.userapi.com/impf/c855528/v855528884/405e0/yhRgqaZy9DE.jpg?size=1080x1920&quality=96&sign=49bcab0edbb2b23103dcc2e7f954d919&c_uniq_tag=QJ3Q46T7Ex_4cGJC9rhg5jE2vR5JWFGSfQkxu1ki4UE&type=album', 'type': 'w', 'width': 1080}, {'height': 604, 'url': 'https://sun9-54.userapi.com/impf/c855528/v855528884/405e0/yhRgqaZy9DE.jpg?size=340x604&quality=96&sign=2cf1e332e2b3b0c57153da875017f247&c_uniq_tag=ffP2rAgl_XO9xxfPt2OtxPcpAbFG6Q6965T7Ra3DbdE&type=album', 'type': 'x', 'width': 340}, {'height': 807, 'url': 'https://sun9-54.userapi.com/impf/c855528/v855528884/405e0/yhRgqaZy9DE.jpg?size=454x807&quality=96&sign=f4c9f72608a7c7d259eb335e5f63ab49&c_uniq_tag=-cMNiTiHTgQgCMN9S62194s3dTGr3A7dc7MpjD6uvdw&type=album', 'type': 'y', 'width': 454}, {'height': 1080, 'url': 'https://sun9-54.userapi.com/impf/c855528/v855528884/405e0/yhRgqaZy9DE.jpg?size=607x1080&quality=96&sign=23e49f80ef5ba5402a3851a505489ced&c_uniq_tag=AjB1Ojo1pJ2Pi3nw8xL968gTdOqoCp1ZlNH5dDlZsFQ&type=album', 'type': 'z', 'width': 607}]",,
-7,1557908282,False,456271523,165642955,9494,"[{'height': 130, 'url': 'https://sun9-74.userapi.com/impf/c853628/v853628799/41d2b/R_XG8gxfZnw.jpg?size=130x130&quality=96&sign=81893f1111f5bdeac72a4f20b4c7c639&c_uniq_tag=Qs6OV6w0OzvZ53UR7fByWzGdFkM7jmon3cIGQmt2T7Q&type=album', 'type': 'm', 'width': 130}, {'height': 130, 'url': 'https://sun9-74.userapi.com/impf/c853628/v853628799/41d2b/R_XG8gxfZnw.jpg?size=130x130&quality=96&sign=81893f1111f5bdeac72a4f20b4c7c639&c_uniq_tag=Qs6OV6w0OzvZ53UR7fByWzGdFkM7jmon3cIGQmt2T7Q&type=album', 'type': 'o', 'width': 130}, {'height': 200, 'url': 'https://sun9-74.userapi.com/impf/c853628/v853628799/41d2b/R_XG8gxfZnw.jpg?size=200x200&quality=96&sign=ddab885423e05daa0aa9b8a20c802acf&c_uniq_tag=vz2SdjkwINzbCDmBRnwZfKmPYhhvVQinhQUKDoz2nO0&type=album', 'type': 'p', 'width': 200}, {'height': 320, 'url': 'https://sun9-74.userapi.com/impf/c853628/v853628799/41d2b/R_XG8gxfZnw.jpg?size=320x320&quality=96&sign=5f920c0c4167fe37fb7a3d07f87dc8e3&c_uniq_tag=SIKqFeC3iFZX4or_g3qTVZAYLyW-XWcBZoPqVsIkd1A&type=album', 'type': 'q', 'width': 320}, {'height': 510, 'url': 'https://sun9-74.userapi.com/impf/c853628/v853628799/41d2b/R_XG8gxfZnw.jpg?size=510x510&quality=96&sign=39e9dba4e6a342390690602be35b9cb5&c_uniq_tag=gBODBPX5hj5rGRMZgSqmF6FROZx44La4mif732-pmQc&type=album', 'type': 'r', 'width': 510}, {'height': 75, 'url': 'https://sun9-74.userapi.com/impf/c853628/v853628799/41d2b/R_XG8gxfZnw.jpg?size=75x75&quality=96&sign=af099e9f94b224e97553f6786cf299b2&c_uniq_tag=Sf75IHn_ScfuyFVX-XEGEdse05XHiEnq-VpuvuN7KMY&type=album', 'type': 's', 'width': 75}, {'height': 604, 'url': 'https://sun9-74.userapi.com/impf/c853628/v853628799/41d2b/R_XG8gxfZnw.jpg?size=604x604&quality=96&sign=e5ff1e149c1b89b888c29bf6142a2dd2&c_uniq_tag=tZagD8ZBfvFZLIKPGR5MgQilSmQrcLHrDMAmSztQC8Q&type=album', 'type': 'x', 'width': 604}, {'height': 807, 'url': 'https://sun9-74.userapi.com/impf/c853628/v853628799/41d2b/R_XG8gxfZnw.jpg?size=807x807&quality=96&sign=629eef8d4c3085007783d9b8ac2ffd22&c_uniq_tag=4R4QdVleo2OycOxKVADVV5AKUs9ImC7oPRdqQw-i91o&type=album', 'type': 'y', 'width': 807}, {'height': 900, 'url': 'https://sun9-74.userapi.com/impf/c853628/v853628799/41d2b/R_XG8gxfZnw.jpg?size=900x900&quality=96&sign=038f788c4dae8b149a66ea22b2c9258c&c_uniq_tag=7vLvIj57Z71NeCCrPQfk3MXEAy3d4FYw36wMm8eQj3E&type=album', 'type': 'z', 'width': 900}]",,
-7,1567345367,False,457276466,165642955,,"[{'height': 87, 'url': 'https://sun9-48.userapi.com/impf/c855724/v855724292/dbc27/ZKz0n2VbWXM.jpg?size=130x87&quality=96&sign=ab4668591349f8ca145320c001b1db98&c_uniq_tag=ssHOxj1ag2DCCznVtMDmwzch6ljAzpPQQyL-ANtJ-rc&type=album', 'type': 'm', 'width': 130}, {'height': 87, 'url': 'https://sun9-48.userapi.com/impf/c855724/v855724292/dbc27/ZKz0n2VbWXM.jpg?size=130x87&quality=96&sign=ab4668591349f8ca145320c001b1db98&c_uniq_tag=ssHOxj1ag2DCCznVtMDmwzch6ljAzpPQQyL-ANtJ-rc&type=album', 'type': 'o', 'width': 130}, {'height': 134, 'url': 'https://sun9-48.userapi.com/impf/c855724/v855724292/dbc27/ZKz0n2VbWXM.jpg?size=200x134&quality=96&sign=4dbc92cec746ebf08191675adc8713c7&c_uniq_tag=A8_278VJzV6tt_57kT7_5FPIzj16K-byVEhPwLBYr1g&type=album', 'type': 'p', 'width': 200}, {'height': 214, 'url': 'https://sun9-48.userapi.com/impf/c855724/v855724292/dbc27/ZKz0n2VbWXM.jpg?size=320x214&quality=96&sign=df020d8242c59f7407d7dec608fa747d&c_uniq_tag=bi056GEho93TMkvSLBYyqDgUMMeUtzdNzG5yDOGBfIg&type=album', 'type': 'q', 'width': 320}, {'height': 341, 'url': 'https://sun9-48.userapi.com/impf/c855724/v855724292/dbc27/ZKz0n2VbWXM.jpg?size=510x341&quality=96&sign=03725b426e86fc96b9f1fdc60af0d2d2&c_uniq_tag=Z6NZjbsuuG2XvK1t2H_kGqcuHk76rnIXj7ErRsoBn3U&type=album', 'type': 'r', 'width': 510}, {'height': 50, 'url': 'https://sun9-48.userapi.com/impf/c855724/v855724292/dbc27/ZKz0n2VbWXM.jpg?size=75x50&quality=96&sign=e04246b01417010fee3a448b9aca0db3&c_uniq_tag=LyvdUjhN_hLqki0Fy8q1G_gl8ekr7MkbjcgkcUQwctU&type=album', 'type': 's', 'width': 75}, {'height': 404, 'url': 'https://sun9-48.userapi.com/impf/c855724/v855724292/dbc27/ZKz0n2VbWXM.jpg?size=604x404&quality=96&sign=ec8de733614ddddf07e136bbdeda5ac6&c_uniq_tag=oDfLm1w37c8hahduOxWZoAXAwWK16DCMEljMiCDeWsE&type=album', 'type': 'x', 'width': 604}, {'height': 539, 'url': 'https://sun9-48.userapi.com/impf/c855724/v855724292/dbc27/ZKz0n2VbWXM.jpg?size=807x539&quality=96&sign=3b1b41333f6977f18a9cee4b504fdd09&c_uniq_tag=QKiopWM2zryaY7Vcw4mvdzZaY6Be7iJzXqw6k8v9txw&type=album', 'type': 'y', 'width': 807}, {'height': 722, 'url': 'https://sun9-48.userapi.com/impf/c855724/v855724292/dbc27/ZKz0n2VbWXM.jpg?size=1080x722&quality=96&sign=b7841bae668e43b771634f1f260022bb&c_uniq_tag=atuAYlrZ2nbTLsfwFz8ERMg8MYfCxVe6eBWylQeWz1M&type=album', 'type': 'z', 'width': 1080}]",,
-7,1567964110,False,457276855,165642955,9523,"[{'height': 119, 'url': 'https://sun9-62.userapi.com/impf/c858024/v858024066/6a1de/6AejkN3HDYI.jpg?size=130x119&quality=96&sign=aab55950b7f1b2c7f46d339d1ad6a7cd&c_uniq_tag=r9NG-Jp94wpJHWCsgvAaRBDIT8ECr9r7fOmpHxyx7Iw&type=album', 'type': 'm', 'width': 130}, {'height': 119, 'url': 'https://sun9-62.userapi.com/impf/c858024/v858024066/6a1de/6AejkN3HDYI.jpg?size=130x119&quality=96&sign=aab55950b7f1b2c7f46d339d1ad6a7cd&c_uniq_tag=r9NG-Jp94wpJHWCsgvAaRBDIT8ECr9r7fOmpHxyx7Iw&type=album', 'type': 'o', 'width': 130}, {'height': 184, 'url': 'https://sun9-62.userapi.com/impf/c858024/v858024066/6a1de/6AejkN3HDYI.jpg?size=200x184&quality=96&sign=3bdd655ef5c47c85fe2e66a6b9dabcaf&c_uniq_tag=Xw0zaLreQ1U4TjHteCuYAYwhP2nhQ9iYQyBdrqkC5rE&type=album', 'type': 'p', 'width': 200}, {'height': 294, 'url': 'https://sun9-62.userapi.com/impf/c858024/v858024066/6a1de/6AejkN3HDYI.jpg?size=320x294&quality=96&sign=344e02381573fcbe9b76848dc25acf4e&c_uniq_tag=u43978XL8_u2XVz7sX_KVoVpD-1Gx-4ahhU74HfuDHY&type=album', 'type': 'q', 'width': 320}, {'height': 468, 'url': 'https://sun9-62.userapi.com/impf/c858024/v858024066/6a1de/6AejkN3HDYI.jpg?size=510x468&quality=96&sign=94d0536675e38304fc06c37fcdfd4307&c_uniq_tag=3d-9KCVuZHUbujgDl4bJFPVdaGMiFhL-PsUuvhkMB5M&type=album', 'type': 'r', 'width': 510}, {'height': 69, 'url': 'https://sun9-62.userapi.com/impf/c858024/v858024066/6a1de/6AejkN3HDYI.jpg?size=75x69&quality=96&sign=4fbee8a3fb911d066e420d7497f0ca65&c_uniq_tag=ttKgQnII-OVve0Ueo4nOANZY3asVk_owwS93aZkM-P0&type=album', 'type': 's', 'width': 75}, {'height': 555, 'url': 'https://sun9-62.userapi.com/impf/c858024/v858024066/6a1de/6AejkN3HDYI.jpg?size=604x555&quality=96&sign=c0d139619514374c22a2dea81e567725&c_uniq_tag=xnjfZoTHRiJvqTJVKYeZXcI3ZRsxrLq8sZ7XATvMHQA&type=album', 'type': 'x', 'width': 604}, {'height': 741, 'url': 'https://sun9-62.userapi.com/impf/c858024/v858024066/6a1de/6AejkN3HDYI.jpg?size=807x741&quality=96&sign=151a7b3c977a640c14b340bf89754ebf&c_uniq_tag=qImGsFh9UrRvO9ZfdM8sadL2w0zsjpza9wRFKt-MZSU&type=album', 'type': 'y', 'width': 807}, {'height': 943, 'url': 'https://sun9-62.userapi.com/impf/c858024/v858024066/6a1de/6AejkN3HDYI.jpg?size=1027x943&quality=96&sign=35bd560869c71c0930b9dc711e0044cf&c_uniq_tag=98VnhtQj9P_3Vt6r6bymVvesLoC10bvTA7ZpwZpqEoI&type=album', 'type': 'z', 'width': 1027}]",,
-7,1568929343,False,457277289,165642955,9526,"[{'height': 130, 'url': 'https://sun9-39.userapi.com/impf/c852032/v852032882/1be94f/lKemEzXHJWg.jpg?size=93x130&quality=96&sign=b550c2779fadeae1aeef9e7a5971b806&c_uniq_tag=kL5gK2VXCCbQZoYiSnfO15LQHucY1vdLp-m7qt3GGGA&type=album', 'type': 'm', 'width': 93}, {'height': 182, 'url': 'https://sun9-39.userapi.com/impf/c852032/v852032882/1be94f/lKemEzXHJWg.jpg?size=130x182&quality=96&sign=fb0d72508b14c809b456fbced27c1927&c_uniq_tag=w7G89m0uuVRihALQBBsHunYDispMAwFraaX-S18TWNE&type=album', 'type': 'o', 'width': 130}, {'height': 280, 'url': 'https://sun9-39.userapi.com/impf/c852032/v852032882/1be94f/lKemEzXHJWg.jpg?size=200x280&quality=96&sign=2785115c02d08a36db7eec478ee867ea&c_uniq_tag=ZIzQlpr3o90IkcytDA9MTBEeO92wYwNoLeue6npCF-g&type=album', 'type': 'p', 'width': 200}, {'height': 448, 'url': 'https://sun9-39.userapi.com/impf/c852032/v852032882/1be94f/lKemEzXHJWg.jpg?size=320x448&quality=96&sign=27bf1c52628b12ab55ef15d6397b31c0&c_uniq_tag=Z6mXOoeWV0qHIp0d67rk0li-asmjexAIWCf0CaF1DdQ&type=album', 'type': 'q', 'width': 320}, {'height': 713, 'url': 'https://sun9-39.userapi.com/impf/c852032/v852032882/1be94f/lKemEzXHJWg.jpg?size=510x713&quality=96&sign=c679eaf70d79770efab81060a1339d44&c_uniq_tag=jfYZNjLXj8fe9veLNp93fAwCwcHISENs7cR5lMnEh3A&type=album', 'type': 'r', 'width': 510}, {'height': 75, 'url': 'https://sun9-39.userapi.com/impf/c852032/v852032882/1be94f/lKemEzXHJWg.jpg?size=54x75&quality=96&sign=9c75f06740cd5a140fdaed58d701d918&c_uniq_tag=Kl9Cfz5khiyykT85RmJ0qptmVEQ36usnFbTt5yNSkuI&type=album', 'type': 's', 'width': 54}, {'height': 604, 'url': 'https://sun9-39.userapi.com/impf/c852032/v852032882/1be94f/lKemEzXHJWg.jpg?size=432x604&quality=96&sign=2d2a499a0813a6e465645e6e95b751fd&c_uniq_tag=cdcuGlTgu2Z058Io1lkcoX-2av67junmh5n4DR8HXjg&type=album', 'type': 'x', 'width': 432}, {'height': 807, 'url': 'https://sun9-39.userapi.com/impf/c852032/v852032882/1be94f/lKemEzXHJWg.jpg?size=577x807&quality=96&sign=27efbf0b03c24fb3b35540c9dd6a683f&c_uniq_tag=ESsTmpeKHELz93Eu-i5askDYqmBCmo3YFmQJCuRqoa8&type=album', 'type': 'y', 'width': 577}, {'height': 1080, 'url': 'https://sun9-39.userapi.com/impf/c852032/v852032882/1be94f/lKemEzXHJWg.jpg?size=772x1080&quality=96&sign=acadf2b561a685bf9e2b81d02420e6b5&c_uniq_tag=Zk8K-SCV1sn2JpqNoo9d_y-w0-vMl166mHVslCWHGoU&type=album', 'type': 'z', 'width': 772}]",,
-7,1579288910,False,457279853,165642955,9532,"[{'height': 130, 'url': 'https://sun9-81.userapi.com/impg/rIgW4FmEEc_TXP1z8Jwf5q1U0Ea8Qz1uLzCVEQ/R260r5b3fPo.jpg?size=98x130&quality=96&sign=686d49c35df5e3da3ac55d8d45727df1&c_uniq_tag=9B0zZAeMzI1bIj8PRvWHivRsZr6vU7nljAU5jwkKMJk&type=album', 'type': 'm', 'width': 98}, {'height': 173, 'url': 'https://sun9-81.userapi.com/impg/rIgW4FmEEc_TXP1z8Jwf5q1U0Ea8Qz1uLzCVEQ/R260r5b3fPo.jpg?size=130x173&quality=96&sign=933480dbebb53b1809ab941001db5bd9&c_uniq_tag=oY13XvS7qqiehYqLqK6yzYyGDVvboa0ijfI4ZYqo_cM&type=album', 'type': 'o', 'width': 130}, {'height': 266, 'url': 'https://sun9-81.userapi.com/impg/rIgW4FmEEc_TXP1z8Jwf5q1U0Ea8Qz1uLzCVEQ/R260r5b3fPo.jpg?size=200x266&quality=96&sign=98408e1e381356d558517c583d3b56d1&c_uniq_tag=Q6pwecaJes_EhUSbLh8F92O36fjgpUz475b_5mgGXNc&type=album', 'type': 'p', 'width': 200}, {'height': 426, 'url': 'https://sun9-81.userapi.com/impg/rIgW4FmEEc_TXP1z8Jwf5q1U0Ea8Qz1uLzCVEQ/R260r5b3fPo.jpg?size=320x426&quality=96&sign=fa747cf5233b8172d0ca07e51d6f7b18&c_uniq_tag=xRGpxN3PPLdk2MMyJYCD-Kt6cZWpQcMinOkLdt_gMcU&type=album', 'type': 'q', 'width': 320}, {'height': 679, 'url': 'https://sun9-81.userapi.com/impg/rIgW4FmEEc_TXP1z8Jwf5q1U0Ea8Qz1uLzCVEQ/R260r5b3fPo.jpg?size=510x679&quality=96&sign=4c91b1ea0b0809be9173dcf7e85436bc&c_uniq_tag=v4rAy8-8-BxhiyV2BoRMtNCS3XO3cJIkSCqKnn7a8rA&type=album', 'type': 'r', 'width': 510}, {'height': 75, 'url': 'https://sun9-81.userapi.com/impg/rIgW4FmEEc_TXP1z8Jwf5q1U0Ea8Qz1uLzCVEQ/R260r5b3fPo.jpg?size=56x75&quality=96&sign=4b216368b3b05f0d22dcd5cc2b0b6c1a&c_uniq_tag=u9ugbF82rx4cNXVnZ03ISJR0_sPee0OG1rZsCBkVqPg&type=album', 'type': 's', 'width': 56}, {'height': 1541, 'url': 'https://sun9-81.userapi.com/impg/rIgW4FmEEc_TXP1z8Jwf5q1U0Ea8Qz1uLzCVEQ/R260r5b3fPo.jpg?size=1157x1541&quality=96&sign=e28179b013829b8f33799fd966fb3bfd&c_uniq_tag=jJC36_FcSITjWZCAdiV2Ayy-dXWhK4Q-lsmiB-Ub_kQ&type=album', 'type': 'w', 'width': 1157}, {'height': 604, 'url': 'https://sun9-81.userapi.com/impg/rIgW4FmEEc_TXP1z8Jwf5q1U0Ea8Qz1uLzCVEQ/R260r5b3fPo.jpg?size=453x604&quality=96&sign=6322662e8132bfbf4f7e11d3bdd00832&c_uniq_tag=BhH7a4ACpy5dnEmKZ4u9Td3otYV67aky6KsGp4xaJ6U&type=album', 'type': 'x', 'width': 453}, {'height': 807, 'url': 'https://sun9-81.userapi.com/impg/rIgW4FmEEc_TXP1z8Jwf5q1U0Ea8Qz1uLzCVEQ/R260r5b3fPo.jpg?size=606x807&quality=96&sign=c284ff44810e0fdae173155e5263e8fa&c_uniq_tag=1M0XuyLrk9EsfUMzbfmcvLeF6ccavp9oW929Ac5_FpQ&type=album', 'type': 'y', 'width': 606}, {'height': 1080, 'url': 'https://sun9-81.userapi.com/impg/rIgW4FmEEc_TXP1z8Jwf5q1U0Ea8Qz1uLzCVEQ/R260r5b3fPo.jpg?size=811x1080&quality=96&sign=070f356b603815744df46014a8ed24ce&c_uniq_tag=XbOOI7kbG4sQz6be6W2ZipBi63TGiIiUYmc7W8jTj6A&type=album', 'type': 'z', 'width': 811}]",,
-7,1579809538,False,457279981,165642955,9533,"[{'height': 95, 'url': 'https://sun9-87.userapi.com/impg/32MQcDzYuV_yubBCVGKqSCc8r0IN9YfL9_7_uQ/GIWwcW9PluA.jpg?size=130x95&quality=96&sign=eff2a101562aa76c7c577429c38f8aa4&c_uniq_tag=yYXJXWCpe9z9i1YWOWunS4wv65tEW2NEtWW3l2UTvqY&type=album', 'type': 'm', 'width': 130}, {'height': 95, 'url': 'https://sun9-87.userapi.com/impg/32MQcDzYuV_yubBCVGKqSCc8r0IN9YfL9_7_uQ/GIWwcW9PluA.jpg?size=130x95&quality=96&sign=eff2a101562aa76c7c577429c38f8aa4&c_uniq_tag=yYXJXWCpe9z9i1YWOWunS4wv65tEW2NEtWW3l2UTvqY&type=album', 'type': 'o', 'width': 130}, {'height': 146, 'url': 'https://sun9-87.userapi.com/impg/32MQcDzYuV_yubBCVGKqSCc8r0IN9YfL9_7_uQ/GIWwcW9PluA.jpg?size=200x146&quality=96&sign=d683d07de1050bae689e8ef1435f2303&c_uniq_tag=kWy2-f9K5AQTwLuIXsx_BhYOrcxMsLt4D6pMOOcxAMA&type=album', 'type': 'p', 'width': 200}, {'height': 234, 'url': 'https://sun9-87.userapi.com/impg/32MQcDzYuV_yubBCVGKqSCc8r0IN9YfL9_7_uQ/GIWwcW9PluA.jpg?size=320x234&quality=96&sign=53191a3acb1df903e4f7ce448bbf1898&c_uniq_tag=B7cSf3_6uisHEgj7cmg089fUjip1BJvPpghGEp1u4og&type=album', 'type': 'q', 'width': 320}, {'height': 374, 'url': 'https://sun9-87.userapi.com/impg/32MQcDzYuV_yubBCVGKqSCc8r0IN9YfL9_7_uQ/GIWwcW9PluA.jpg?size=510x374&quality=96&sign=a512b91b33667550f7a2097f132c14d1&c_uniq_tag=NN9srTmW3PE97ZBjiMSi1BSiAFdDlAqYtH2817kiF3E&type=album', 'type': 'r', 'width': 510}, {'height': 55, 'url': 'https://sun9-87.userapi.com/impg/32MQcDzYuV_yubBCVGKqSCc8r0IN9YfL9_7_uQ/GIWwcW9PluA.jpg?size=75x55&quality=96&sign=d10d52df09d348147ddd3411aafe083f&c_uniq_tag=VIPGlDU9yW9V7WpBJkxJovOo8fdAaP1Y6LKnqznXTk0&type=album', 'type': 's', 'width': 75}, {'height': 442, 'url': 'https://sun9-87.userapi.com/impg/32MQcDzYuV_yubBCVGKqSCc8r0IN9YfL9_7_uQ/GIWwcW9PluA.jpg?size=604x442&quality=96&sign=f7b2c66889d30b0735d2bc7d3914e929&c_uniq_tag=BD2aMPpUUDUanqLq9kVO8qy49M-G-KXJcjNZNvSqX1s&type=album', 'type': 'x', 'width': 604}, {'height': 591, 'url': 'https://sun9-87.userapi.com/impg/32MQcDzYuV_yubBCVGKqSCc8r0IN9YfL9_7_uQ/GIWwcW9PluA.jpg?size=807x591&quality=96&sign=aad49ef1199d949ffc6dc6e6cf899936&c_uniq_tag=TVLSI2FuZRwJdT38CxpvH0RHb_5CSfZPRj-RW562BtI&type=album', 'type': 'y', 'width': 807}, {'height': 791, 'url': 'https://sun9-87.userapi.com/impg/32MQcDzYuV_yubBCVGKqSCc8r0IN9YfL9_7_uQ/GIWwcW9PluA.jpg?size=1080x791&quality=96&sign=1c3b5b4549ba619590f89bb0c54f2f8d&c_uniq_tag=2LOBMJrTOpsQmNN1CRjBrs25jsFqFuLwT7x879ta2qw&type=album', 'type': 'z', 'width': 1080}]",,
-7,1582800489,False,457280980,165642955,,"[{'height': 130, 'url': 'https://sun9-43.userapi.com/impg/yFc2B69EW5OmBkOwRFlakC3gVKX7GRDOx6nPUw/PZypOar9BG0.jpg?size=104x130&quality=96&sign=ab004690d47bb954b39389cb7bd3f845&c_uniq_tag=_enosN33AK52YOqRVEr6U6surHFYb7PfnoClOm5Rfcs&type=album', 'type': 'm', 'width': 104}, {'height': 162, 'url': 'https://sun9-43.userapi.com/impg/yFc2B69EW5OmBkOwRFlakC3gVKX7GRDOx6nPUw/PZypOar9BG0.jpg?size=130x162&quality=96&sign=aad5071bfbd420234bf648dab305a7ad&c_uniq_tag=dpx-L-WlgE1O0wOzptIq_sTU9mg7r9UmVASEwnb9064&type=album', 'type': 'o', 'width': 130}, {'height': 249, 'url': 'https://sun9-43.userapi.com/impg/yFc2B69EW5OmBkOwRFlakC3gVKX7GRDOx6nPUw/PZypOar9BG0.jpg?size=200x249&quality=96&sign=e0ebf22358f57e99239c3f0be1b7a2c4&c_uniq_tag=EaaLb0VN6gtTOMpEsRVvGEd_B6n82h7ckeCc-T3sEP4&type=album', 'type': 'p', 'width': 200}, {'height': 399, 'url': 'https://sun9-43.userapi.com/impg/yFc2B69EW5OmBkOwRFlakC3gVKX7GRDOx6nPUw/PZypOar9BG0.jpg?size=320x399&quality=96&sign=109b80e809ad7dc62996c39d90e6998b&c_uniq_tag=UK43ZY2WTwNwKLmtNaTK07ohKc21NMu4j6L_8robQqM&type=album', 'type': 'q', 'width': 320}, {'height': 635, 'url': 'https://sun9-43.userapi.com/impg/yFc2B69EW5OmBkOwRFlakC3gVKX7GRDOx6nPUw/PZypOar9BG0.jpg?size=510x635&quality=96&sign=ea526eefdd8c2bd891ff75f0661cb5e8&c_uniq_tag=dqnkTgZkhyzKvvz3T9RToIUWntCor2VtbOlqxdqpS90&type=album', 'type': 'r', 'width': 510}, {'height': 75, 'url': 'https://sun9-43.userapi.com/impg/yFc2B69EW5OmBkOwRFlakC3gVKX7GRDOx6nPUw/PZypOar9BG0.jpg?size=60x75&quality=96&sign=e02b0e5064ff52c871fa30c89ab68f17&c_uniq_tag=fu50cMCQzNp4AGURA7plAf1T2dXwRu4aSAe3uNCuyrI&type=album', 'type': 's', 'width': 60}, {'height': 604, 'url': 'https://sun9-43.userapi.com/impg/yFc2B69EW5OmBkOwRFlakC3gVKX7GRDOx6nPUw/PZypOar9BG0.jpg?size=485x604&quality=96&sign=cd4a29a2d405496fd95b51a9944c8310&c_uniq_tag=7eXu_SCR_2PBQSXVMNLvbMkMl6vVU7jo6D3oqN21Ulg&type=album', 'type': 'x', 'width': 485}, {'height': 807, 'url': 'https://sun9-43.userapi.com/impg/yFc2B69EW5OmBkOwRFlakC3gVKX7GRDOx6nPUw/PZypOar9BG0.jpg?size=648x807&quality=96&sign=fc6ed7e8e69fad9a140dbd1aa9042242&c_uniq_tag=KWcyhPWvVeSxnzImAPI_JWXOryfu8aUYW50-ntzP-y8&type=album', 'type': 'y', 'width': 648}, {'height': 1080, 'url': 'https://sun9-43.userapi.com/impg/yFc2B69EW5OmBkOwRFlakC3gVKX7GRDOx6nPUw/PZypOar9BG0.jpg?size=867x1080&quality=96&sign=f46f38370d5bd854fd3b41be37125162&c_uniq_tag=YVIp6tOfkrJk9kMau40wGKefoW1K_sQHQ5naSQeOqqA&type=album', 'type': 'z', 'width': 867}]",,
-7,1584198105,False,457281382,165642955,9545,"[{'height': 130, 'url': 'https://sun9-85.userapi.com/impg/c858220/v858220451/1a079c/uuaZOG1af_o.jpg?size=101x130&quality=96&sign=61800e149d1dd80249e7ce883ecee9e4&c_uniq_tag=xPg3cbqOqp5r-ILW9w-Ehugk5L_PyNIWWGE28HEoP8U&type=album', 'type': 'm', 'width': 101}, {'height': 167, 'url': 'https://sun9-85.userapi.com/impg/c858220/v858220451/1a079c/uuaZOG1af_o.jpg?size=130x167&quality=96&sign=623725ce846a81f249efc18b359c136b&c_uniq_tag=6_EQ0AuYG6KD3SsTLAQJTL5GIaahHYx3NDKQX8VbLy4&type=album', 'type': 'o', 'width': 130}, {'height': 257, 'url': 'https://sun9-85.userapi.com/impg/c858220/v858220451/1a079c/uuaZOG1af_o.jpg?size=200x257&quality=96&sign=5ec982b3ef9d6fbef1ce96dca2ac2d61&c_uniq_tag=IVeotHjY58SSbNQGk-i5niUg6HhWgO_LpvsodYc_5zM&type=album', 'type': 'p', 'width': 200}, {'height': 411, 'url': 'https://sun9-85.userapi.com/impg/c858220/v858220451/1a079c/uuaZOG1af_o.jpg?size=320x411&quality=96&sign=a28abaa4d6dc5edbbfa82a8df3983b6c&c_uniq_tag=pzhoYk34Uv47fuJn69_jIzhflwa2t3eC_HvpDamjd9o&type=album', 'type': 'q', 'width': 320}, {'height': 656, 'url': 'https://sun9-85.userapi.com/impg/c858220/v858220451/1a079c/uuaZOG1af_o.jpg?size=510x656&quality=96&sign=2194413dd94357a8279a9c9c9ae1f5c7&c_uniq_tag=O334LxZC1AWRAcvxRhagoBT4dwAM_MhDJYWpbaTfqfk&type=album', 'type': 'r', 'width': 510}, {'height': 75, 'url': 'https://sun9-85.userapi.com/impg/c858220/v858220451/1a079c/uuaZOG1af_o.jpg?size=58x75&quality=96&sign=8cc6f9a0a6000f17a7ded65143ef4ca9&c_uniq_tag=poncnRzohm12z-PMHsorGpEavXusewWbrYQSQNeXojc&type=album', 'type': 's', 'width': 58}, {'height': 604, 'url': 'https://sun9-85.userapi.com/impg/c858220/v858220451/1a079c/uuaZOG1af_o.jpg?size=470x604&quality=96&sign=2658b061ecf9f85980b5aa693b1242b2&c_uniq_tag=Wi_gPcreMALJ2MFISH3NxvXsL98LiZpv4XXCgiJQDNA&type=album', 'type': 'x', 'width': 470}, {'height': 807, 'url': 'https://sun9-85.userapi.com/impg/c858220/v858220451/1a079c/uuaZOG1af_o.jpg?size=628x807&quality=96&sign=b3d93b590a9f48e2eac71c774f155860&c_uniq_tag=5oeSN4pEzmDy4yvwVIhqTiC6nYxM9rpdri3jipThrTc&type=album', 'type': 'y', 'width': 628}, {'height': 1080, 'url': 'https://sun9-85.userapi.com/impg/c858220/v858220451/1a079c/uuaZOG1af_o.jpg?size=840x1080&quality=96&sign=4dfe043f7286dc56ab4922eb6cc21ffd&c_uniq_tag=XI1jRxySQqGpek3AQGfW53tisrB-vW_I_vyKx3s9DQQ&type=album', 'type': 'z', 'width': 840}]",,
-7,1589013495,False,457282802,165642955,,"[{'height': 130, 'url': 'https://sun9-69.userapi.com/impg/-LYcPzNhOWMDlH9A9iOLVb83ahA9a82krZGIPw/H2tppkE0pYk.jpg?size=93x130&quality=96&sign=3a5b1cd40e6541d68f238eb7aaf4d6ca&c_uniq_tag=W9BdkqQzFCp2iq-uk2GuWhoZpA0qQuwCR-D1JkeB1YU&type=album', 'type': 'm', 'width': 93}, {'height': 181, 'url': 'https://sun9-69.userapi.com/impg/-LYcPzNhOWMDlH9A9iOLVb83ahA9a82krZGIPw/H2tppkE0pYk.jpg?size=130x181&quality=96&sign=c008edb1c4eb243f5574258e2e18ce8f&c_uniq_tag=UGudHOh3koQwfdzq4K4_X-6OxlPOp9Zk5VxwkD3tF8E&type=album', 'type': 'o', 'width': 130}, {'height': 279, 'url': 'https://sun9-69.userapi.com/impg/-LYcPzNhOWMDlH9A9iOLVb83ahA9a82krZGIPw/H2tppkE0pYk.jpg?size=200x279&quality=96&sign=2930dee4cc57d4051efd2cf68a71463c&c_uniq_tag=LuuUUlUiisbzUZU-ll2JXuI9Pb5-1z5OAd5MsvcLyH4&type=album', 'type': 'p', 'width': 200}, {'height': 447, 'url': 'https://sun9-69.userapi.com/impg/-LYcPzNhOWMDlH9A9iOLVb83ahA9a82krZGIPw/H2tppkE0pYk.jpg?size=320x447&quality=96&sign=a7eb8b56cef7cdcc91cdad65655d5bef&c_uniq_tag=RnLaFjL7g1c1k4h19uC-x7PUZqdmtH5dwlPutsJmGSg&type=album', 'type': 'q', 'width': 320}, {'height': 712, 'url': 'https://sun9-69.userapi.com/impg/-LYcPzNhOWMDlH9A9iOLVb83ahA9a82krZGIPw/H2tppkE0pYk.jpg?size=510x712&quality=96&sign=97bf08a127ef18305b5d9fa256185cb6&c_uniq_tag=Sp8kiUBbGa4O8qlegvAOi4hs7exaiAtcmlwbixqmzA0&type=album', 'type': 'r', 'width': 510}, {'height': 75, 'url': 'https://sun9-69.userapi.com/impg/-LYcPzNhOWMDlH9A9iOLVb83ahA9a82krZGIPw/H2tppkE0pYk.jpg?size=54x75&quality=96&sign=9025e2eb2150957fe28678c9230a4125&c_uniq_tag=BxwP-mosjpe5MRMXaAaekAxydLnnSD1_aCdsfv0fPns&type=album', 'type': 's', 'width': 54}, {'height': 604, 'url': 'https://sun9-69.userapi.com/impg/-LYcPzNhOWMDlH9A9iOLVb83ahA9a82krZGIPw/H2tppkE0pYk.jpg?size=433x604&quality=96&sign=dbe34b28ad53647cd4909bcb10cebbab&c_uniq_tag=UeKViOGSIq_xAbMxxnvhJOysABRAWEcQzM7w_HuBX5U&type=album', 'type': 'x', 'width': 433}, {'height': 807, 'url': 'https://sun9-69.userapi.com/impg/-LYcPzNhOWMDlH9A9iOLVb83ahA9a82krZGIPw/H2tppkE0pYk.jpg?size=578x807&quality=96&sign=02fb60725985ca3407f46eb0c8de1c18&c_uniq_tag=Ye3bxoWCqw2qw7dOTCuCEvcd8GChmNL2dHv51Vy3LUo&type=album', 'type': 'y', 'width': 578}, {'height': 1016, 'url': 'https://sun9-69.userapi.com/impg/-LYcPzNhOWMDlH9A9iOLVb83ahA9a82krZGIPw/H2tppkE0pYk.jpg?size=728x1016&quality=96&sign=e9a9568ba9d14d9f2ef22be118d70d3b&c_uniq_tag=OeocckEW5dXAXUgWLfcw87m3w8AHhQ8ZcpCH_x3lu5k&type=album', 'type': 'z', 'width': 728}]",,
-7,1600259320,False,457287125,165642955,,"[{'height': 116, 'url': 'https://sun9-86.userapi.com/impg/WeE_HwXmgSqVfOy_ln26n4gVPg0FYdIwshSmFA/f-6O6kGmbnE.jpg?size=130x116&quality=96&sign=d43b812f130c1db11b2d0a6bbd943564&c_uniq_tag=e98WqmZKcP15bVLXrkUVawQf2CqiohXp4aiJ7ShFuEA&type=album', 'type': 'm', 'width': 130}, {'height': 116, 'url': 'https://sun9-86.userapi.com/impg/WeE_HwXmgSqVfOy_ln26n4gVPg0FYdIwshSmFA/f-6O6kGmbnE.jpg?size=130x116&quality=96&sign=d43b812f130c1db11b2d0a6bbd943564&c_uniq_tag=e98WqmZKcP15bVLXrkUVawQf2CqiohXp4aiJ7ShFuEA&type=album', 'type': 'o', 'width': 130}, {'height': 178, 'url': 'https://sun9-86.userapi.com/impg/WeE_HwXmgSqVfOy_ln26n4gVPg0FYdIwshSmFA/f-6O6kGmbnE.jpg?size=200x178&quality=96&sign=150f3a46fce6635b74ec04b29fb99a03&c_uniq_tag=9NqPE8vN7lJXmmNmu0XoIOpOC3WCUwGTNuRACsBwHeM&type=album', 'type': 'p', 'width': 200}, {'height': 285, 'url': 'https://sun9-86.userapi.com/impg/WeE_HwXmgSqVfOy_ln26n4gVPg0FYdIwshSmFA/f-6O6kGmbnE.jpg?size=320x285&quality=96&sign=686431d608e1304ab1a6eae1163f6ac3&c_uniq_tag=H1_mewbZOoQCXj-zTqalJlQsSKHsTfp9x444sccO1cI&type=album', 'type': 'q', 'width': 320}, {'height': 454, 'url': 'https://sun9-86.userapi.com/impg/WeE_HwXmgSqVfOy_ln26n4gVPg0FYdIwshSmFA/f-6O6kGmbnE.jpg?size=510x454&quality=96&sign=0dd42758957add68d0d70ea49d98a59e&c_uniq_tag=ZBWnHnsKcgAQYTUVe4djpgK4llmNVlr8xNBGTb6DFIA&type=album', 'type': 'r', 'width': 510}, {'height': 67, 'url': 'https://sun9-86.userapi.com/impg/WeE_HwXmgSqVfOy_ln26n4gVPg0FYdIwshSmFA/f-6O6kGmbnE.jpg?size=75x67&quality=96&sign=f3b0cae57fa96e650ef580a5617f25c8&c_uniq_tag=Q1bgHz3DbPoqsMrVYBH-A9Cxp4jcDQRkNvW2bfsgCGs&type=album', 'type': 's', 'width': 75}, {'height': 538, 'url': 'https://sun9-86.userapi.com/impg/WeE_HwXmgSqVfOy_ln26n4gVPg0FYdIwshSmFA/f-6O6kGmbnE.jpg?size=604x538&quality=96&sign=32b4ca5100af9dd8c192c09f8770a309&c_uniq_tag=eeOQbH3_Uys6xlu9oylK8hkVIY_a5elp_GY8Slz3QSI&type=album', 'type': 'x', 'width': 604}, {'height': 719, 'url': 'https://sun9-86.userapi.com/impg/WeE_HwXmgSqVfOy_ln26n4gVPg0FYdIwshSmFA/f-6O6kGmbnE.jpg?size=807x719&quality=96&sign=c113c7d18fbb5960fc262e6a68982f2d&c_uniq_tag=VNxKQiatKdxFpgLf39bWecMT0b0lGMMcmB1lSvFmSp8&type=album', 'type': 'y', 'width': 807}, {'height': 962, 'url': 'https://sun9-86.userapi.com/impg/WeE_HwXmgSqVfOy_ln26n4gVPg0FYdIwshSmFA/f-6O6kGmbnE.jpg?size=1080x962&quality=96&sign=5af0a3db0ff84bdd4fbff5463ad56156&c_uniq_tag=HkeMR-vhtT8fCxZ0Hxmr8lk-k2O2eDlCCy4HEy_qDDg&type=album', 'type': 'z', 'width': 1080}]",,
-7,1608707937,False,457289604,165642955,9565,"[{'height': 130, 'url': 'https://sun9-6.userapi.com/impg/l9wYYn4YphGy30hS3yZSD84i2X-c4op6J8SulQ/6PC-Ex6qbQM.jpg?size=130x130&quality=96&sign=705b5f5af4262c313b3ff5072a69f023&c_uniq_tag=Z78Rsad74pbsl3gCXMV_wYnr9Gnbz4qpiobE3mqw394&type=album', 'type': 'm', 'width': 130}, {'height': 130, 'url': 'https://sun9-6.userapi.com/impg/l9wYYn4YphGy30hS3yZSD84i2X-c4op6J8SulQ/6PC-Ex6qbQM.jpg?size=130x130&quality=96&sign=705b5f5af4262c313b3ff5072a69f023&c_uniq_tag=Z78Rsad74pbsl3gCXMV_wYnr9Gnbz4qpiobE3mqw394&type=album', 'type': 'o', 'width': 130}, {'height': 200, 'url': 'https://sun9-6.userapi.com/impg/l9wYYn4YphGy30hS3yZSD84i2X-c4op6J8SulQ/6PC-Ex6qbQM.jpg?size=200x200&quality=96&sign=586ab1218a5ca34e9d01f2d22a477bc5&c_uniq_tag=ZnMdJ9Ucwvq7TtFk8xP9W4c-qDE4BWkpbM12YVSCWaM&type=album', 'type': 'p', 'width': 200}, {'height': 320, 'url': 'https://sun9-6.userapi.com/impg/l9wYYn4YphGy30hS3yZSD84i2X-c4op6J8SulQ/6PC-Ex6qbQM.jpg?size=320x320&quality=96&sign=39699fe076349503cdf613af77e9b474&c_uniq_tag=pcn7fRjchevmBsGX9EdoyS715hCbpcDqCqg2iF_mrCs&type=album', 'type': 'q', 'width': 320}, {'height': 510, 'url': 'https://sun9-6.userapi.com/impg/l9wYYn4YphGy30hS3yZSD84i2X-c4op6J8SulQ/6PC-Ex6qbQM.jpg?size=510x510&quality=96&sign=60f41473ad67b6c04194c5c80c61b7e7&c_uniq_tag=R6Ngow8WH3F2ddsNBCzhlWH-n_NaozlVJbUyJSGzO44&type=album', 'type': 'r', 'width': 510}, {'height': 75, 'url': 'https://sun9-6.userapi.com/impg/l9wYYn4YphGy30hS3yZSD84i2X-c4op6J8SulQ/6PC-Ex6qbQM.jpg?size=75x75&quality=96&sign=992c7c7d55512a2fdda9feb2de5386f1&c_uniq_tag=Zrb-VfGN8rHmLcVFLllRgH4Zfu9A2KodiEtvBYcMdE4&type=album', 'type': 's', 'width': 75}, {'height': 604, 'url': 'https://sun9-6.userapi.com/impg/l9wYYn4YphGy30hS3yZSD84i2X-c4op6J8SulQ/6PC-Ex6qbQM.jpg?size=604x604&quality=96&sign=c58f695d3ef162195e4ffd2388aca2f0&c_uniq_tag=wxfIU1ziHg2Vly45971W-0xBWL8A6vDYkOPIIsrWXS4&type=album', 'type': 'x', 'width': 604}, {'height': 807, 'url': 'https://sun9-6.userapi.com/impg/l9wYYn4YphGy30hS3yZSD84i2X-c4op6J8SulQ/6PC-Ex6qbQM.jpg?size=807x807&quality=96&sign=1f3f362bdcfced8d417ea0074e82f6fd&c_uniq_tag=B6JujUoW8A22rDma5wfPhGCTjNaljoYfiVjyWa_2KLg&type=album', 'type': 'y', 'width': 807}, {'height': 949, 'url': 'https://sun9-6.userapi.com/impg/l9wYYn4YphGy30hS3yZSD84i2X-c4op6J8SulQ/6PC-Ex6qbQM.jpg?size=949x949&quality=96&sign=e14f1cbb2d93b389425e595180cb087e&c_uniq_tag=GPb7Tx27XU20xNyz3NngysT1kNnf-DgpjU3roZ_0QKs&type=album', 'type': 'z', 'width': 949}]",,
-7,1654420749,False,457300951,165642955,9591,"[{'height': 56, 'url': 'https://sun9-40.userapi.com/impg/ecbHzi1IQ1DKktvDwsJdkfP-9FJMeBKcT534Hg/xN-Uz1gSpdQ.jpg?size=75x56&quality=95&sign=e368be64f1bd1c40f60133e66f2b94c1&c_uniq_tag=vjUkh03IE1ImGk9BRLe5W-SsOJ6ePVh5lKMmBfMchLM&type=album', 'type': 's', 'width': 75}, {'height': 97, 'url': 'https://sun9-40.userapi.com/impg/ecbHzi1IQ1DKktvDwsJdkfP-9FJMeBKcT534Hg/xN-Uz1gSpdQ.jpg?size=130x97&quality=95&sign=a9c754a6c016d2e2009622c41eb61b0b&c_uniq_tag=1mg2gTUB5gH2mU_v-ZaAzWTBvbB-Ba0CK4DrFwqE8yg&type=album', 'type': 'm', 'width': 130}, {'height': 453, 'url': 'https://sun9-40.userapi.com/impg/ecbHzi1IQ1DKktvDwsJdkfP-9FJMeBKcT534Hg/xN-Uz1gSpdQ.jpg?size=604x453&quality=95&sign=e782d074611351568b0d14c1492c8e9a&c_uniq_tag=DvjHtHEsW-91y-iYJmnotEI9odTHEw8jP0s_NwIi_Ck&type=album', 'type': 'x', 'width': 604}, {'height': 605, 'url': 'https://sun9-40.userapi.com/impg/ecbHzi1IQ1DKktvDwsJdkfP-9FJMeBKcT534Hg/xN-Uz1gSpdQ.jpg?size=807x605&quality=95&sign=e9be1f626d567e35b3447324788c5834&c_uniq_tag=CBrYuV5glAHim1o3smyh-VNYkYHZg0IOsdSl1WhHJMY&type=album', 'type': 'y', 'width': 807}, {'height': 768, 'url': 'https://sun9-40.userapi.com/impg/ecbHzi1IQ1DKktvDwsJdkfP-9FJMeBKcT534Hg/xN-Uz1gSpdQ.jpg?size=1024x768&quality=95&sign=702242aa3caf70bf1b2ebba2fc54cd93&c_uniq_tag=36uIxLfunZttyP1PGhOQYZZ4JEixiVazEpld-lXF9B8&type=album', 'type': 'z', 'width': 1024}, {'height': 97, 'url': 'https://sun9-40.userapi.com/impg/ecbHzi1IQ1DKktvDwsJdkfP-9FJMeBKcT534Hg/xN-Uz1gSpdQ.jpg?size=130x97&quality=95&sign=a9c754a6c016d2e2009622c41eb61b0b&c_uniq_tag=1mg2gTUB5gH2mU_v-ZaAzWTBvbB-Ba0CK4DrFwqE8yg&type=album', 'type': 'o', 'width': 130}, {'height': 150, 'url': 'https://sun9-40.userapi.com/impg/ecbHzi1IQ1DKktvDwsJdkfP-9FJMeBKcT534Hg/xN-Uz1gSpdQ.jpg?size=200x150&quality=95&sign=c5daa71696428e73cfff143dd9241c8e&c_uniq_tag=j1oCnqWhizoR8UG1NISC8pAZWih_2rg7OP3TVLGZm-M&type=album', 'type': 'p', 'width': 200}, {'height': 240, 'url': 'https://sun9-40.userapi.com/impg/ecbHzi1IQ1DKktvDwsJdkfP-9FJMeBKcT534Hg/xN-Uz1gSpdQ.jpg?size=320x240&quality=95&sign=f494ab1bcda101bbf65a1d56b0aaa11e&c_uniq_tag=hkGZnn7wc48gdWfVl7lFwiQ_3VehhwQufWdG66UqEKM&type=album', 'type': 'q', 'width': 320}, {'height': 382, 'url': 'https://sun9-40.userapi.com/impg/ecbHzi1IQ1DKktvDwsJdkfP-9FJMeBKcT534Hg/xN-Uz1gSpdQ.jpg?size=510x382&quality=95&sign=92f39c0b0794d37fdc59cb21b6411ee2&c_uniq_tag=ZRIoKSreRPgsOEIMHdXsp8AChaihhmP_XpAiNIo5Gt4&type=album', 'type': 'r', 'width': 510}]",,
-7,1658489247,False,457301677,165642955,,"[{'height': 75, 'url': 'https://sun9-31.userapi.com/impg/K97RCMlc7FcShfDXSfX2ngEQzqvwav8DOP_ZyQ/DpehLHyzvoE.jpg?size=50x75&quality=95&sign=6d1bb416afd987ccc18800fdcb5174d0&c_uniq_tag=Xz_RAdFl_Xy31f76fGSQqRERxb-PFXnQxH9S8lhxj34&type=album', 'type': 's', 'width': 50}, {'height': 130, 'url': 'https://sun9-31.userapi.com/impg/K97RCMlc7FcShfDXSfX2ngEQzqvwav8DOP_ZyQ/DpehLHyzvoE.jpg?size=86x130&quality=95&sign=cf9d54a6912827ceec03b23f23b1c59f&c_uniq_tag=zTGMe8p1ix5HlCYUXrfRGo7CPEkyvzGYevbo2T9VBwg&type=album', 'type': 'm', 'width': 86}, {'height': 604, 'url': 'https://sun9-31.userapi.com/impg/K97RCMlc7FcShfDXSfX2ngEQzqvwav8DOP_ZyQ/DpehLHyzvoE.jpg?size=400x604&quality=95&sign=c13dc8ff4a3f59224a0105c48e0c40ac&c_uniq_tag=O-7mKLK278SQ4U_GNTcvwLY_QkJROPH9V4XACZ1StZU&type=album', 'type': 'x', 'width': 400}, {'height': 807, 'url': 'https://sun9-31.userapi.com/impg/K97RCMlc7FcShfDXSfX2ngEQzqvwav8DOP_ZyQ/DpehLHyzvoE.jpg?size=535x807&quality=95&sign=fc96ab04229f9dc07c664148b8be6ff6&c_uniq_tag=cONcG9BwhcFRptkeAtgJCJg1ut07cnT3bq2gFZkzzM8&type=album', 'type': 'y', 'width': 535}, {'height': 1080, 'url': 'https://sun9-31.userapi.com/impg/K97RCMlc7FcShfDXSfX2ngEQzqvwav8DOP_ZyQ/DpehLHyzvoE.jpg?size=715x1080&quality=95&sign=bff987984b0a2cf1ed5bad6eb70d7e0b&c_uniq_tag=4OfNkc5Dc5_d9JTWFXcEfBGYJpMCR1tJGB3D9mxrJWQ&type=album', 'type': 'z', 'width': 715}, {'height': 2160, 'url': 'https://sun9-31.userapi.com/impg/K97RCMlc7FcShfDXSfX2ngEQzqvwav8DOP_ZyQ/DpehLHyzvoE.jpg?size=1431x2160&quality=95&sign=93234efb9e3716052fa00601ee450571&c_uniq_tag=oh4MorYarEd2skUO-_-b4oAXhQz9BMex5V4CeV-tTuA&type=album', 'type': 'w', 'width': 1431}, {'height': 196, 'url': 'https://sun9-31.userapi.com/impg/K97RCMlc7FcShfDXSfX2ngEQzqvwav8DOP_ZyQ/DpehLHyzvoE.jpg?size=130x196&quality=95&sign=8a554d7580d7989a10876ad84dea2a7e&c_uniq_tag=fDMe50d_GWXVYwThLIGnSNyTMEyPGwvGjE6-zlEhapU&type=album', 'type': 'o', 'width': 130}, {'height': 302, 'url': 'https://sun9-31.userapi.com/impg/K97RCMlc7FcShfDXSfX2ngEQzqvwav8DOP_ZyQ/DpehLHyzvoE.jpg?size=200x302&quality=95&sign=67da209ac139ea53f9202da374143f25&c_uniq_tag=J_XXnmlr105a4SN_YPOGOcMOSAyc4Q4bRWYJW5RBTzc&type=album', 'type': 'p', 'width': 200}, {'height': 483, 'url': 'https://sun9-31.userapi.com/impg/K97RCMlc7FcShfDXSfX2ngEQzqvwav8DOP_ZyQ/DpehLHyzvoE.jpg?size=320x483&quality=95&sign=261cbc02d88181ee19dce0715740d902&c_uniq_tag=5O-3MVu6-nlNUjJjzU4TZQT5woHFPiqVCD_3LtYqIPc&type=album', 'type': 'q', 'width': 320}, {'height': 770, 'url': 'https://sun9-31.userapi.com/impg/K97RCMlc7FcShfDXSfX2ngEQzqvwav8DOP_ZyQ/DpehLHyzvoE.jpg?size=510x770&quality=95&sign=5201b9dfd3b88a0e986747e9b78cb3f3&c_uniq_tag=L5ybt3fBUx6GRFfBODRIebhUrpefA5TOrdQ21OJn-aM&type=album', 'type': 'r', 'width': 510}]",,
-7,1658489260,False,457301678,165642955,,"[{'height': 75, 'url': 'https://sun9-3.userapi.com/impg/SO5rKol72z-datx5DT9myvhYTGo40alNiQgSNw/5NApyX_0ffw.jpg?size=50x75&quality=95&sign=943cfb3292b0c4fb77e1b398ba986dd6&c_uniq_tag=TC4qeG5UbUKywMm2LvTUAie8-KTNu1Fq0NZNydyamK8&type=album', 'type': 's', 'width': 50}, {'height': 130, 'url': 'https://sun9-3.userapi.com/impg/SO5rKol72z-datx5DT9myvhYTGo40alNiQgSNw/5NApyX_0ffw.jpg?size=86x130&quality=95&sign=7028910ab79fbe932f6c43e0da25c1a7&c_uniq_tag=D78aGQVXQu75iv7QHdvW-pU4rCTwJblEztKWe7jOCAg&type=album', 'type': 'm', 'width': 86}, {'height': 604, 'url': 'https://sun9-3.userapi.com/impg/SO5rKol72z-datx5DT9myvhYTGo40alNiQgSNw/5NApyX_0ffw.jpg?size=400x604&quality=95&sign=1e7fbefbf8ef14b7bc80d44d52914ef2&c_uniq_tag=E-JOQSX-AviGQBWsw2txKO4dz2UukRU3epjb58zH9p8&type=album', 'type': 'x', 'width': 400}, {'height': 807, 'url': 'https://sun9-3.userapi.com/impg/SO5rKol72z-datx5DT9myvhYTGo40alNiQgSNw/5NApyX_0ffw.jpg?size=535x807&quality=95&sign=5a0f358187d2af2a30d5d9e7f9a75aec&c_uniq_tag=H3uewuLVKjsGxxWA0r9WK0_q6QaOeZxutlche4oLz6I&type=album', 'type': 'y', 'width': 535}, {'height': 1080, 'url': 'https://sun9-3.userapi.com/impg/SO5rKol72z-datx5DT9myvhYTGo40alNiQgSNw/5NApyX_0ffw.jpg?size=715x1080&quality=95&sign=106729f40ccb3db1a7948bb493972a05&c_uniq_tag=Uayl3kHi576tDTMrYaDg5lQmaUT-3zlSNR44y6sYBB8&type=album', 'type': 'z', 'width': 715}, {'height': 2160, 'url': 'https://sun9-3.userapi.com/impg/SO5rKol72z-datx5DT9myvhYTGo40alNiQgSNw/5NApyX_0ffw.jpg?size=1431x2160&quality=95&sign=4d0e52c4e2fb68b9a70f727498a737b7&c_uniq_tag=ZBZdZBRQWkoXyl-YDziOp0tPzT4rHbgl5gG2IZc7fCs&type=album', 'type': 'w', 'width': 1431}, {'height': 196, 'url': 'https://sun9-3.userapi.com/impg/SO5rKol72z-datx5DT9myvhYTGo40alNiQgSNw/5NApyX_0ffw.jpg?size=130x196&quality=95&sign=95edf1de5211aa2d84a5b1dae24b717a&c_uniq_tag=cGWO2evLSgaJjEHYX13nP3HRVYAeFYijBfvNIfTVRAc&type=album', 'type': 'o', 'width': 130}, {'height': 302, 'url': 'https://sun9-3.userapi.com/impg/SO5rKol72z-datx5DT9myvhYTGo40alNiQgSNw/5NApyX_0ffw.jpg?size=200x302&quality=95&sign=ae342d51e41c2097ebe0b9ad51508e79&c_uniq_tag=5aTna-Ic3f5tYkgBn4F8s3kkyNqCGSSLvjMGr1ya1Qg&type=album', 'type': 'p', 'width': 200}, {'height': 483, 'url': 'https://sun9-3.userapi.com/impg/SO5rKol72z-datx5DT9myvhYTGo40alNiQgSNw/5NApyX_0ffw.jpg?size=320x483&quality=95&sign=df0c710844da0a492fc323847496f000&c_uniq_tag=GtCPMvWurdMJbTmiES_liRvSsXGMoJ0-M_9cKk5ZMQc&type=album', 'type': 'q', 'width': 320}, {'height': 770, 'url': 'https://sun9-3.userapi.com/impg/SO5rKol72z-datx5DT9myvhYTGo40alNiQgSNw/5NApyX_0ffw.jpg?size=510x770&quality=95&sign=a2fe25ac6845164bd5158ba142628fa7&c_uniq_tag=cjvYlm00rv83lWo-9n21wusEFEdo1u_vS50qKX9ybB0&type=album', 'type': 'r', 'width': 510}]",,
-7,1658489520,False,457301680,165642955,,"[{'height': 75, 'url': 'https://sun9-36.userapi.com/impg/ZEajPSjlIkeUqojMcgPhN3fx8PAjziCjDAmUzA/NIi9SO8TY_w.jpg?size=56x75&quality=95&sign=3ef61edcbc2fb395083c0fcd83ce023a&c_uniq_tag=23O5vluEwc4_lqbPGnrjue9leSNOPOtSjNTwsHUofyI&type=album', 'type': 's', 'width': 56}, {'height': 130, 'url': 'https://sun9-36.userapi.com/impg/ZEajPSjlIkeUqojMcgPhN3fx8PAjziCjDAmUzA/NIi9SO8TY_w.jpg?size=98x130&quality=95&sign=b80f412ee91786767929381be3d30b44&c_uniq_tag=ZXBUh_tnAiwzTISCe4i-KRNx-8ZuxLDUbPcI_0XJBN8&type=album', 'type': 'm', 'width': 98}, {'height': 604, 'url': 'https://sun9-36.userapi.com/impg/ZEajPSjlIkeUqojMcgPhN3fx8PAjziCjDAmUzA/NIi9SO8TY_w.jpg?size=453x604&quality=95&sign=4e069bd9f34b20961ce5d6c8c037a1ce&c_uniq_tag=3HSbA7CtZ_0r-DqhF2WKXB6SVaPNHmsUHlUk-0KQi0Q&type=album', 'type': 'x', 'width': 453}, {'height': 807, 'url': 'https://sun9-36.userapi.com/impg/ZEajPSjlIkeUqojMcgPhN3fx8PAjziCjDAmUzA/NIi9SO8TY_w.jpg?size=606x807&quality=95&sign=0a3778b5d52b62377db3032271ae189d&c_uniq_tag=7sPP18Pnb00N4pFwjRFHqTnWz6yJX97W1dVMlMb0hmY&type=album', 'type': 'y', 'width': 606}, {'height': 1080, 'url': 'https://sun9-36.userapi.com/impg/ZEajPSjlIkeUqojMcgPhN3fx8PAjziCjDAmUzA/NIi9SO8TY_w.jpg?size=811x1080&quality=95&sign=f0b1f61b310e38b8f24afcfe90b70d72&c_uniq_tag=XogYs8VWERVEWOaTJpJB_2730rPHQPwhevlNQQ7j4DA&type=album', 'type': 'z', 'width': 811}, {'height': 1600, 'url': 'https://sun9-36.userapi.com/impg/ZEajPSjlIkeUqojMcgPhN3fx8PAjziCjDAmUzA/NIi9SO8TY_w.jpg?size=1201x1600&quality=95&sign=b7a10781eed49659202d46492ef316c1&c_uniq_tag=1XPIJI2x9UN6X05XGkc_Kn9L5WKQcncHTdz0PsTnOWg&type=album', 'type': 'w', 'width': 1201}, {'height': 173, 'url': 'https://sun9-36.userapi.com/impg/ZEajPSjlIkeUqojMcgPhN3fx8PAjziCjDAmUzA/NIi9SO8TY_w.jpg?size=130x173&quality=95&sign=6ee963dfd19e0aa55fa041a11952efc0&c_uniq_tag=MbKcwtuEv5BtYkeMPi4miyen-DXZGFNNfZBfeU6alrQ&type=album', 'type': 'o', 'width': 130}, {'height': 266, 'url': 'https://sun9-36.userapi.com/impg/ZEajPSjlIkeUqojMcgPhN3fx8PAjziCjDAmUzA/NIi9SO8TY_w.jpg?size=200x266&quality=95&sign=a1b079b765ce5f5bfe2ab5385f4ef008&c_uniq_tag=b4MvJ-rde7V8xpPwU5rICm6T5vMqYOm6MMkcDwTBjaY&type=album', 'type': 'p', 'width': 200}, {'height': 426, 'url': 'https://sun9-36.userapi.com/impg/ZEajPSjlIkeUqojMcgPhN3fx8PAjziCjDAmUzA/NIi9SO8TY_w.jpg?size=320x426&quality=95&sign=33bbd08ad5c694daec0204273ef57019&c_uniq_tag=-J5M2SNv_7vN43HN-_jqeWlnKk3ogsN0iLVliLg-4C4&type=album', 'type': 'q', 'width': 320}, {'height': 679, 'url': 'https://sun9-36.userapi.com/impg/ZEajPSjlIkeUqojMcgPhN3fx8PAjziCjDAmUzA/NIi9SO8TY_w.jpg?size=510x679&quality=95&sign=3e594a6a1767e9c5a519e42278d64e5a&c_uniq_tag=XMfFigOJbjECIFd3aYp0W0oWPPwlGdJI98ZY-x5tQuE&type=album', 'type': 'r', 'width': 510}]",,
-7,1658489524,False,457301681,165642955,,"[{'height': 56, 'url': 'https://sun9-12.userapi.com/impg/OLRozJtMq-32dc9jlAvfZhV2KNJPhj0kmzObBg/5JrRE3sXi3A.jpg?size=75x56&quality=95&sign=c016eba2232181dba78d44a9eb2ad562&c_uniq_tag=QIqduim0s12qUMPSBhqqOn4y-rZGYQ_BaJXBrdSPE3M&type=album', 'type': 's', 'width': 75}, {'height': 98, 'url': 'https://sun9-12.userapi.com/impg/OLRozJtMq-32dc9jlAvfZhV2KNJPhj0kmzObBg/5JrRE3sXi3A.jpg?size=130x98&quality=95&sign=e1ffddac9eaa2a4a8ace3b6caa12aaea&c_uniq_tag=ntCLJCPnquPIUnkR0JZyRotei4uXZxf7-2uBPlkLvN0&type=album', 'type': 'm', 'width': 130}, {'height': 453, 'url': 'https://sun9-12.userapi.com/impg/OLRozJtMq-32dc9jlAvfZhV2KNJPhj0kmzObBg/5JrRE3sXi3A.jpg?size=604x453&quality=95&sign=a3cf1c77927453099d885189f13a8abc&c_uniq_tag=oPNzyWNSbBXJoF4OlEgPdFMiqQpoeSowYw6UkUMg_d8&type=album', 'type': 'x', 'width': 604}, {'height': 606, 'url': 'https://sun9-12.userapi.com/impg/OLRozJtMq-32dc9jlAvfZhV2KNJPhj0kmzObBg/5JrRE3sXi3A.jpg?size=807x606&quality=95&sign=94d46c2a948c19b247d61d30c7dd9936&c_uniq_tag=CacE4_WE6w_dNv6B73DzgfFAEwQ2iHIODHlmIqCyiyk&type=album', 'type': 'y', 'width': 807}, {'height': 961, 'url': 'https://sun9-12.userapi.com/impg/OLRozJtMq-32dc9jlAvfZhV2KNJPhj0kmzObBg/5JrRE3sXi3A.jpg?size=1280x961&quality=95&sign=5e1953c8d579663cda6478c9f1598de5&c_uniq_tag=IyviSgFUddJNRZNQPnAV-I7tD3UenhOA9QIpb-PTJlY&type=album', 'type': 'z', 'width': 1280}, {'height': 1201, 'url': 'https://sun9-12.userapi.com/impg/OLRozJtMq-32dc9jlAvfZhV2KNJPhj0kmzObBg/5JrRE3sXi3A.jpg?size=1600x1201&quality=95&sign=03b16d04c412f87dabfdbe6bb053d038&c_uniq_tag=YiiWXBxV7wOlJVCcJuLFCmxuI8wa91olURb-MUXERPc&type=album', 'type': 'w', 'width': 1600}, {'height': 98, 'url': 'https://sun9-12.userapi.com/impg/OLRozJtMq-32dc9jlAvfZhV2KNJPhj0kmzObBg/5JrRE3sXi3A.jpg?size=130x98&quality=95&sign=e1ffddac9eaa2a4a8ace3b6caa12aaea&c_uniq_tag=ntCLJCPnquPIUnkR0JZyRotei4uXZxf7-2uBPlkLvN0&type=album', 'type': 'o', 'width': 130}, {'height': 150, 'url': 'https://sun9-12.userapi.com/impg/OLRozJtMq-32dc9jlAvfZhV2KNJPhj0kmzObBg/5JrRE3sXi3A.jpg?size=200x150&quality=95&sign=902906b90133aa60f618771cec62e21d&c_uniq_tag=38GfAeQ10Rdue_fk7Ck0rrYi7ykmtnj5B72aqWRRZEc&type=album', 'type': 'p', 'width': 200}, {'height': 240, 'url': 'https://sun9-12.userapi.com/impg/OLRozJtMq-32dc9jlAvfZhV2KNJPhj0kmzObBg/5JrRE3sXi3A.jpg?size=320x240&quality=95&sign=afebabc7ab8037a469056da886df1291&c_uniq_tag=aIbM3LL37pCQWJ6hds9QgWMY_NmpO2dlmwMbzvq9Uy4&type=album', 'type': 'q', 'width': 320}, {'height': 383, 'url': 'https://sun9-12.userapi.com/impg/OLRozJtMq-32dc9jlAvfZhV2KNJPhj0kmzObBg/5JrRE3sXi3A.jpg?size=510x383&quality=95&sign=5c3095a28d8aa116514e8b687ebc2e10&c_uniq_tag=PJIt7dO26PhVjcQRJzSg0qVg44XDPR9lSmuQne9hcpw&type=album', 'type': 'r', 'width': 510}]",,
